neg,neu,pos
0.0515,0.779,0.1695
0.0,1.0,0.0
0.0,0.869,0.131
0.0181111111111,0.897222222222,0.0846666666667
0.0643333333333,0.847666666667,0.088
0.0,0.8465,0.1535
0.039,0.8776,0.0834
0.0,0.866,0.134
0.0,0.721,0.279
0.058,0.838,0.105
,,
0.0102,0.8316,0.1582
0.0477777777778,0.917222222222,0.035
0.0,0.705,0.295
0.038,0.541666666667,0.420333333333
0.00394444444444,0.880555555556,0.1155
0.018,0.754,0.228
0.0,0.674125,0.325875
0.0,0.7872,0.2128
0.0,0.896142857143,0.103857142857
0.0,0.87025,0.12975
0.0375,0.848625,0.113875
0.0,0.769,0.231
0.0,0.774666666667,0.225333333333
0.0,1.0,0.0
0.0244,0.6754,0.1002
0.0,0.8675,0.1325
0.0174285714286,0.717,0.265571428571
0.0235,0.6545,0.322
0.0085,0.788,0.203375
0.0,0.8398,0.1602
0.0,0.89225,0.10775
0.12825,0.8535,0.01825
0.0,0.804142857143,0.195857142857
0.008,0.769,0.223
0.023,0.778333333333,0.198666666667
0.0,1.0,0.0
0.00544444444444,0.831111111111,0.163555555556
0.0,0.9295,0.0705
0.0,1.0,0.0
0.2275,0.69,0.0825
0.0,0.823,0.177
0.0,0.8268,0.1732
0.029,0.831166666667,0.139833333333
0.0,0.869444444444,0.130555555556
0.0,0.865666666667,0.134333333333
0.0,0.862,0.138
0.0404545454545,0.877181818182,0.0823636363636
0.0,0.843,0.157
0.0,0.939,0.061
0.0,0.8188,0.1812
0.0,0.7298,0.2702
0.0,1.0,0.0
0.0238888888889,0.696555555556,0.279555555556
0.0175,0.747,0.236
0.0,0.796857142857,0.203142857143
,,
0.0,0.849,0.151
0.0073125,0.8094375,0.18325
0.0103333333333,0.848666666667,0.141
,,
0.0,0.965,0.035
0.0359166666667,0.874583333333,0.0895
0.0,0.944,0.056
0.0,0.649833333333,0.350166666667
0.0,0.8115,0.1885
0.0,0.773,0.227
,,
0.019,0.912,0.069
0.1605,0.686625,0.152875
0.0831428571429,0.698714285714,0.218142857143
0.128,0.538666666667,0.0
0.0,0.84,0.16
,,
0.0,0.871,0.129
0.0716666666667,0.819,0.109333333333
0.0,0.68225,0.31775
0.027,0.7508,0.2222
0.0263333333333,0.764111111111,0.209555555556
0.1165,0.67725,0.20575
0.0678,0.8922,0.04
0.0226666666667,0.844,0.133333333333
0.0815,0.872,0.046
0.0,0.9395,0.0605
0.101,0.887375,0.011625
0.0192916666667,0.883041666667,0.097625
0.0,0.840666666667,0.159333333333
0.03775,0.828,0.13425
0.0,0.863333333333,0.136666666667
0.061,0.905,0.034
0.03275,0.82525,0.142
0.086,0.84925,0.06475
0.0,1.0,0.0
0.0,0.834666666667,0.165333333333
0.0,0.955333333333,0.0446666666667
0.033,0.7765,0.1905
0.051,0.769,0.18
0.012,0.8875,0.1005
0.0374285714286,0.875714285714,0.0868571428571
0.0,0.8688,0.1312
0.1845,0.723,0.0925
0.01225,0.7585,0.22925
0.00966666666667,0.773333333333,0.217
0.0,1.0,0.0
0.1288,0.82,0.0512
0.1983,0.7577,0.044
0.0505,0.6675,0.282
0.00842857142857,0.755857142857,0.235714285714
0.0,0.9804,0.0196
0.0,0.9415,0.0585
0.05,0.899,0.051
0.0,0.847,0.153
0.0,0.81675,0.18325
0.0,1.0,0.0
0.0326,0.7696,0.198
0.0,0.9185,0.0815
0.0495,0.801,0.1495
0.0,0.713,0.287
0.0123076923077,0.936461538462,0.0512307692308
0.0,1.0,0.0
,,
0.0164285714286,0.916428571429,0.0671428571429
0.0,0.83625,0.16375
0.00442857142857,0.877285714286,0.118285714286
0.0133333333333,0.891666666667,0.0953333333333
0.0121111111111,0.897777777778,0.0902222222222
0.055,0.8642,0.0808
0.134,0.783,0.083
0.0355,0.8515,0.113
0.0,0.748,0.252
0.0,0.818428571429,0.181571428571
0.0,0.9238,0.0762
0.0,0.883333333333,0.116666666667
0.0,0.802714285714,0.197285714286
0.0,0.902333333333,0.0976666666667
0.00325,0.80325,0.0685
0.0,0.342,0.158
0.0,0.8504,0.1496
0.0,0.657666666667,0.342333333333
0.0,0.778777777778,0.221222222222
0.0,0.8868,0.1132
0.0,0.889777777778,0.110222222222
0.0,0.825,0.175
0.025,0.9165,0.0585
0.20625,0.5635,0.23025
0.0423333333333,0.744,0.213666666667
0.0403333333333,0.849166666667,0.1105
0.0,0.8016,0.1984
0.056,0.75,0.194
0.0,0.827,0.173
0.0,0.899333333333,0.100666666667
0.0,0.6745,0.3255
0.02075,0.8765,0.1025
0.0,1.0,0.0
0.05325,0.7495,0.19725
0.00655555555556,0.777333333333,0.216111111111
0.035,0.748,0.217
,,
0.0,0.877,0.123
0.028,0.7735,0.1985
,,
0.0554615384615,0.851307692308,0.0932307692308
0.0,1.0,0.0
,,
0.0,0.894,0.106
0.0,0.961,0.039
0.0348333333333,0.700166666667,0.0983333333333
0.00436363636364,0.924454545455,0.0711818181818
0.026,0.922,0.052
0.0,0.8268,0.1732
0.0275714285714,0.874,0.0985
0.0,0.696,0.304
0.0,0.8772,0.1228
0.0,0.934333333333,0.0656666666667
0.012,0.853,0.135
0.0,0.806375,0.193625
0.179,0.821,0.0
0.0422777777778,0.7975,0.160222222222
0.0,1.0,0.0
0.0,0.898,0.102
0.022,0.793666666667,0.184333333333
0.0,0.815666666667,0.184333333333
0.0,0.840857142857,0.159142857143
0.0,1.0,0.0
,,
0.0,0.8975,0.1025
,,
0.0374444444444,0.901555555556,0.061
0.0223333333333,0.805333333333,0.172333333333
0.0,0.691,0.309
0.0453333333333,0.777833333333,0.176833333333
0.0,0.828571428571,0.171428571429
0.0,0.936,0.064
0.0,0.853,0.147
0.0,0.89475,0.10525
0.0,0.8675,0.1325
0.0315,0.70875,0.25975
0.107454545455,0.758,0.134545454545
0.0831428571429,0.826857142857,0.09
0.0125714285714,0.846571428571,0.140857142857
0.0284,0.8542,0.1176
0.0,0.935333333333,0.0646666666667
0.05725,0.785,0.15775
0.0214285714286,0.569,0.409714285714
0.0,0.792333333333,0.207666666667
0.0,0.834,0.166
0.0714285714286,0.810142857143,0.118428571429
0.0,0.7855,0.2145
0.0,0.875666666667,0.124333333333
0.005,0.953333333333,0.0416666666667
0.0,0.798,0.202
0.0,0.9112,0.0888
0.069,0.547,0.384
0.0155,0.95675,0.02775
0.00871428571429,0.747857142857,0.100571428571
0.05275,0.92725,0.02
0.0625,0.834166666667,0.103333333333
0.0,0.926,0.074
0.0,0.794,0.206
0.058,0.779666666667,0.162333333333
0.0,0.952666666667,0.0473333333333
0.0,0.866875,0.133125
0.0,0.906,0.094
0.0,0.71875,0.28125
0.0275,0.930833333333,0.0416666666667
0.0,0.928,0.072
0.0,0.942,0.058
0.0,0.844875,0.155125
0.036,0.783,0.181
0.0115454545455,0.880727272727,0.107727272727
0.0,0.8735,0.1265
0.00371428571429,0.860714285714,0.135571428571
0.048,0.396333333333,0.222666666667
0.0,0.872,0.128
0.0966666666667,0.730666666667,0.172666666667
,,
0.02725,0.809,0.16375
0.0072,0.8182,0.1746
0.0,0.896,0.104
,,
,,
0.0146666666667,0.824166666667,0.161166666667
0.0,0.789,0.211
0.0,0.812857142857,0.187142857143
0.0606666666667,0.79,0.149333333333
0.0,0.8924,0.1076
,,
0.0,0.5235,0.4765
0.017,0.8928,0.0902
,,
0.0,0.807,0.193
0.0,0.886,0.114
0.0,0.844,0.156
0.0,0.896,0.104
0.0,0.903,0.097
0.0116666666667,0.874666666667,0.114
0.0,0.914,0.086
0.0726666666667,0.69,0.237333333333
0.05725,0.785,0.15775
0.0,0.9285,0.0715
0.00525,0.983,0.01175
0.0,0.7975,0.2025
0.061,0.9156,0.0234
0.0,0.625,0.375
,,
0.0,0.751,0.249
0.0,0.844666666667,0.155333333333
0.0,0.844,0.156
0.0,0.7492,0.2508
0.0368,0.664,0.0992
0.0393333333333,0.921,0.0396666666667
0.0,0.688666666667,0.311333333333
0.0,0.93,0.07
0.0716,0.9284,0.0
0.0,0.9575,0.0425
0.0,0.858666666667,0.141333333333
0.0,1.0,0.0
,,
0.00975,0.7985,0.19175
0.054,0.673,0.273
0.0526666666667,0.820666666667,0.126666666667
0.04425,0.90075,0.055
0.0666666666667,0.803833333333,0.1295
0.007,0.9505,0.0425
0.0,0.7875,0.2125
0.0,0.918,0.082
0.0,0.921,0.079
0.0233333333333,0.912333333333,0.0643333333333
0.00978571428571,0.917571428571,0.0726428571429
0.0,0.916,0.084
0.0,0.966,0.034
0.0,0.8065,0.1935
0.017,0.89875,0.08425
0.0141666666667,0.841,0.144833333333
0.0,0.72825,0.27175
0.0,0.854142857143,0.145857142857
0.0,0.75625,0.24375
0.015,0.6475,0.3375
0.0592,0.7266,0.2142
0.0,0.85025,0.14975
0.0,0.781285714286,0.218714285714
0.0192222222222,0.822777777778,0.158
0.0145,0.743,0.2425
0.0618571428571,0.891,0.0471428571429
0.0,0.853,0.147
0.0,0.909,0.091
0.0,0.97025,0.02975
0.0,1.0,0.0
,,
0.0,1.0,0.0
0.014,0.916,0.07
0.024,0.914,0.062
0.017,0.77625,0.2065
0.0055,0.92275,0.0715
0.0,0.847666666667,0.152333333333
0.0,0.811,0.189
0.1536875,0.6979375,0.148375
0.0,0.942666666667,0.0573333333333
0.0,0.956,0.044
0.0,0.721,0.279
0.0335,0.917,0.04925
0.0166,0.8382,0.1452
0.0,0.942,0.058
0.0,0.5846,0.4154
0.0305,0.86325,0.10625
,,
0.0,0.9545,0.0455
0.0,0.959,0.041
0.0531428571429,0.723928571429,0.222928571429
,,
0.0,0.743333333333,0.256666666667
0.0,0.788,0.212
0.0,0.797,0.203
0.0,0.798,0.202
0.0,1.0,0.0
0.028,0.938,0.034
0.0,0.868,0.132
0.0,0.914,0.086
0.02575,0.8915,0.08275
0.0,0.5988,0.2012
0.0233333333333,0.875166666667,0.1015
0.0153333333333,0.778444444444,0.206222222222
0.0,0.854571428571,0.145428571429
0.061625,0.82975,0.108625
0.064,0.647,0.2885
0.0397142857143,0.861571428571,0.0987142857143
0.0322,0.876,0.0918
0.0,0.9005,0.0995
,,
0.0,0.735166666667,0.264833333333
,,
0.0,0.851333333333,0.148666666667
,,
0.0034,0.8884,0.1084
0.0,0.808,0.192
0.0265,0.8715,0.102
0.0106,0.8832,0.1062
0.0,0.7138,0.2862
0.0,0.801,0.199
0.0,0.971,0.029
0.013,0.738,0.249
0.0327777777778,0.852,0.115333333333
0.0215,0.798,0.1805
0.0164285714286,0.852428571429,0.131142857143
0.124,0.85125,0.02475
0.012625,0.688125,0.29925
0.0098,0.8548,0.1354
,,
0.0121428571429,0.855714285714,0.132285714286
0.0131818181818,0.797818181818,0.189090909091
0.020875,0.750875,0.228375
0.0221,0.764533333333,0.213366666667
,,
,,
0.0291111111111,0.784222222222,0.186666666667
0.0375,0.932,0.0305
0.0,0.845,0.155
0.0,0.964,0.036
0.0,0.935,0.065
0.128785714286,0.727642857143,0.143642857143
0.0,0.901857142857,0.0982857142857
0.125833333333,0.745166666667,0.129
0.0024,0.9016,0.0958
0.0,0.914142857143,0.0858571428571
0.0,0.7925,0.2075
0.0745,0.823833333333,0.101666666667
0.0,0.887,0.113
0.232333333333,0.696,0.0716666666667
0.0,0.909166666667,0.0908333333333
0.116571428571,0.728428571429,0.155
0.0,0.86,0.14
0.0226,0.8222,0.1552
0.0,0.8448,0.1552
0.0,0.906,0.094
0.0,1.0,0.0
0.0195714285714,0.915571428571,0.0648571428571
0.0161818181818,0.752454545455,0.231363636364
0.0,0.640428571429,0.359571428571
0.0243333333333,0.826,0.149666666667
0.027,0.928666666667,0.0443333333333
0.01575,0.76175,0.2225
0.0,0.8652,0.1348
0.0,0.870333333333,0.129666666667
0.0,0.8788,0.1212
0.061,0.859142857143,0.0798571428571
0.01,0.825444444444,0.164555555556
0.059,0.739,0.201
0.02925,0.83075,0.14
0.1272,0.7688,0.104
0.045,0.397,0.224666666667
0.0,0.741333333333,0.258666666667
0.0236666666667,0.943,0.0333333333333
,,
0.0595454545455,0.818545454545,0.121909090909
0.064,0.862833333333,0.0731666666667
,,
0.0,0.8765,0.1235
0.0225,0.820833333333,0.156666666667
0.0,0.8814,0.1186
0.0,0.85,0.15
0.0,0.9016,0.0984
0.0,0.815666666667,0.184333333333
0.0,0.8905,0.1095
0.01125,0.785,0.20375
0.1785,0.70125,0.12025
0.0,0.951,0.049
0.0,0.905,0.095
0.0,0.722,0.278
0.0,0.8202,0.1798
0.0105454545455,0.915818181818,0.0736363636364
0.0,0.875428571429,0.124571428571
0.0267777777778,0.891888888889,0.0813333333333
0.026,0.7885,0.18525
0.0,0.9435,0.0565
0.0,0.9365,0.0635
0.0,0.650666666667,0.349333333333
0.0,0.9432,0.0568
0.0906666666667,0.880555555556,0.0287777777778
0.0,0.8868,0.1132
0.160538461538,0.671846153846,0.167615384615
0.0,0.782,0.218
0.0,1.0,0.0
0.0,0.807,0.193
,,
0.014,0.818142857143,0.167857142857
0.0,0.814,0.186
0.0,1.0,0.0
0.0,0.793333333333,0.206666666667
0.0,0.877333333333,0.122666666667
0.0,0.812,0.188
0.0315,0.91525,0.05325
0.009,0.7245,0.266
0.115142857143,0.772428571429,0.112571428571
0.0,0.8836,0.1164
0.24775,0.54075,0.2115
0.0,0.825222222222,0.174777777778
,,
0.0,0.827875,0.172125
0.0,0.89225,0.10775
0.0334615384615,0.900461538462,0.0660769230769
0.0603333333333,0.861,0.0785
0.0,0.714,0.286
0.0,0.831,0.169
0.02,0.93775,0.04225
0.0,1.0,0.0
0.0,0.8788,0.1212
0.0,0.97,0.03
,,
0.014625,0.90125,0.084125
0.0,0.8885,0.1115
0.0,0.899857142857,0.100142857143
0.0106363636364,0.851363636364,0.138
0.144375,0.822375,0.033375
,,
0.0,0.913666666667,0.0863333333333
0.028,0.87,0.102
0.0164,0.9276,0.0558
0.0,0.763,0.237
0.00764285714286,0.830642857143,0.161714285714
0.0,0.85725,0.14275
0.0075,0.7905,0.202
0.0138,0.8578,0.1286
0.0,0.881,0.119
0.0754444444444,0.852666666667,0.0718888888889
0.0998333333333,0.808166666667,0.0918333333333
,,
0.0413333333333,0.740333333333,0.218333333333
0.033,0.7765,0.1905
0.0252307692308,0.822538461538,0.152230769231
0.0,0.8426,0.1574
0.0,0.815,0.185
0.0,0.894,0.106
0.01775,0.9535,0.02875
0.0114444444444,0.792222222222,0.196222222222
0.0,0.896,0.104
0.0345,0.83,0.1355
0.00378571428571,0.937357142857,0.0588571428571
0.0,0.873052631579,0.126947368421
0.0116,0.8566,0.1318
0.143666666667,0.784666666667,0.0718333333333
,,
0.036,0.8895,0.0745
0.0,0.977,0.023
0.13825,0.74525,0.1165
0.0685,0.80075,0.13075
,,
0.0,0.916,0.084
0.0422,0.8828,0.075
,,
0.036,0.865,0.1
0.0,0.867307692308,0.132692307692
0.0,0.904666666667,0.0953333333333
0.0,0.954333333333,0.0458333333333
0.0,0.901333333333,0.0986666666667
0.0,0.777,0.223
0.0,0.799,0.201
0.0,0.897,0.103
0.0,0.8958,0.1042
0.0096,0.8788,0.1116
0.0,1.0,0.0
,,
0.0271666666667,0.927333333333,0.0455
0.008,0.893666666667,0.0983333333333
,,
0.0342857142857,0.699285714286,0.123571428571
0.0,0.802333333333,0.197666666667
0.0,1.0,0.0
0.0649090909091,0.915545454545,0.0195454545455
0.0198333333333,0.866,0.114166666667
0.0425714285714,0.844428571429,0.113
0.0,0.983666666667,0.0163333333333
0.09175,0.864,0.04425
0.0133333333333,0.773666666667,0.213
0.024,0.535,0.442
0.0362857142857,0.900428571429,0.0632857142857
0.0161764705882,0.921647058824,0.0621764705882
0.0115555555556,0.877888888889,0.110555555556
0.0,1.0,0.0
,,
0.0,0.894,0.106
0.0649090909091,0.786090909091,0.149
,,
0.05975,0.86675,0.0735
0.0,0.8014,0.1986
0.0,0.722,0.278
0.0,0.873666666667,0.126333333333
0.0,0.918333333333,0.0816666666667
0.016,0.878,0.106
0.0,0.820142857143,0.179857142857
0.0318571428571,0.786,0.182
0.0,0.967333333333,0.0326666666667
0.0,1.0,0.0
0.0,1.0,0.0
0.0574,0.8692,0.0734
0.0,0.620666666667,0.379333333333
0.0275,0.867375,0.10525
0.0,0.874333333333,0.125666666667
0.039,0.815,0.146
0.0,0.888,0.112
,,
0.022,0.853333333333,0.124666666667
0.0,0.5545,0.4455
0.0,0.593333333333,0.0733333333333
0.0241666666667,0.846333333333,0.129333333333
0.0124,0.5036,0.0842
0.0,0.769,0.231
0.0166666666667,0.983333333333,0.0
,,
0.0078,0.9672,0.025
0.013,0.714666666667,0.272333333333
0.036,0.825,0.139
0.0,0.8405,0.1595
0.027125,0.920875,0.052
0.00814285714286,0.882571428571,0.109285714286
,,
0.0,0.782857142857,0.217142857143
0.0,0.8425,0.1575
0.0,0.88,0.12
0.0886666666667,0.846333333333,0.065
0.019375,0.752375,0.2285
0.0,0.942,0.058
0.0,0.937,0.063
,,
0.0075,0.65125,0.09125
0.0,0.89,0.11
0.032,0.592,0.377
0.051375,0.7785,0.170125
0.0167142857143,0.945571428571,0.0377142857143
0.0,0.5925,0.4075
0.0341666666667,0.738333333333,0.0608333333333
0.00766666666667,0.938666666667,0.0535
0.0,0.864,0.136
0.0,0.62775,0.37225
0.0299230769231,0.859846153846,0.110230769231
0.0,0.878,0.122
0.0,0.7695,0.1055
,,
0.0457692307692,0.834769230769,0.119538461538
0.0,0.8709,0.1291
0.0,0.93,0.07
0.0715,0.861,0.0675
0.0982857142857,0.82,0.0818571428571
0.0,0.875,0.125
0.0,0.9218,0.0782
0.0,0.811,0.189
0.0,0.94,0.06
0.0,0.6708,0.3292
0.0,0.847666666667,0.152333333333
0.0,0.9785,0.0215
0.0,0.874142857143,0.125857142857
0.0,1.0,0.0
0.0,0.7305,0.102833333333
0.0,0.8285,0.1715
0.0,0.9104,0.0896
0.040125,0.893375,0.066625
0.03,0.8358,0.1342
0.148533333333,0.782066666667,0.0694
0.00916666666667,0.850166666667,0.140666666667
0.04175,0.775,0.18325
0.0,0.689181818182,0.310818181818
0.0757142857143,0.790285714286,0.134
,,
0.0,0.647333333333,0.352666666667
0.0,0.7935,0.2065
0.0,0.871,0.129
0.0,0.9385,0.0615
0.0,0.85,0.15
0.0311666666667,0.830166666667,0.138666666667
0.0,0.827,0.173
0.0345,0.8975,0.0675
0.0256,0.8078,0.1666
0.0,0.7892,0.2108
0.0,0.846333333333,0.153666666667
0.0,1.0,0.0
0.0,0.918,0.082
0.0204,0.7312,0.0486
0.0,0.90775,0.09225
0.062,0.702,0.2358
0.0,0.84725,0.15275
0.0,0.86575,0.13425
0.0745833333333,0.852666666667,0.07275
0.108714285714,0.767285714286,0.124
0.0793333333333,0.858833333333,0.0618333333333
0.035,0.85225,0.11275
0.0,0.937333333333,0.0626666666667
0.0,0.888333333333,0.111666666667
0.0,0.786,0.214
0.0,0.7852,0.2148
0.105,0.754,0.141
0.0251428571429,0.928428571429,0.0464285714286
0.0,0.88125,0.11875
0.09425,0.8,0.10575
0.0,0.750333333333,0.249666666667
0.0,0.8885,0.1115
0.009,0.7412,0.2496
0.0,0.855,0.145
0.0114166666667,0.904416666667,0.0841666666667
0.0,1.0,0.0
0.0,0.921,0.079
0.0,0.880833333333,0.119166666667
0.0286666666667,0.908833333333,0.0625
0.0,0.847,0.153
0.1595,0.7875,0.0525
0.0,0.506666666667,0.493333333333
0.0,0.87575,0.12425
0.0,0.8232,0.1768
0.105571428571,0.766571428571,0.127857142857
0.0,0.883,0.117
,,
0.03375,0.661,0.30525
0.0184,0.8812,0.1004
0.0821666666667,0.787416666667,0.130416666667
0.1428,0.7992,0.058
0.0,0.817666666667,0.182333333333
0.0625,0.83525,0.10225
0.0225,0.933,0.044
0.0,1.0,0.0
0.0,0.937,0.063
0.0,0.925,0.075
0.0,0.864,0.136
0.018,0.944,0.038
,,
,,
0.0,0.8082,0.1918
0.031125,0.890625,0.07825
0.0,0.875833333333,0.124166666667
0.035,0.965,0.0
0.0407777777778,0.803111111111,0.156055555556
0.0,0.714222222222,0.285777777778
0.0291666666667,0.885,0.0858333333333
0.0301666666667,0.864166666667,0.105666666667
0.0,0.873428571429,0.126571428571
0.0,0.882,0.118
0.0,0.755333333333,0.244666666667
0.0,1.0,0.0
0.0578947368421,0.702052631579,0.187421052632
0.0,0.916,0.084
0.0232857142857,0.901428571429,0.0752857142857
0.0,0.6644,0.3356
0.0,0.8375,0.1625
0.112,0.749,0.139
0.0236666666667,0.909666666667,0.0666666666667
0.0081,0.8031,0.0888
0.0114545454545,0.904363636364,0.0841818181818
0.0,0.79775,0.20225
0.00845454545455,0.826818181818,0.164818181818
0.0,0.8085,0.1915
0.0155,0.885928571429,0.0985714285714
0.0,0.867,0.133
0.0,0.906285714286,0.0937142857143
,,
0.0540909090909,0.842181818182,0.103727272727
0.0,0.87825,0.12175
0.08,0.86625,0.05375
0.0134,0.900133333333,0.0864666666667
0.0,0.911666666667,0.0883333333333
0.0,0.796,0.204
0.02,0.932666666667,0.0473333333333
0.0,0.809333333333,0.190666666667
,,
0.01575,0.74075,0.2435
0.0466666666667,0.862,0.0913333333333
0.0118333333333,0.715833333333,0.272166666667
0.0,0.6958,0.3042
0.03025,0.85075,0.119
0.0315,0.778,0.1905
0.0,0.946,0.054
0.0,0.831375,0.168625
,,
0.0,0.811125,0.188875
0.0,0.897,0.103
0.0723333333333,0.903,0.0246666666667
0.0,0.7942,0.2058
0.024,0.659,0.317
0.0,0.827714285714,0.172285714286
0.0,0.958666666667,0.0413333333333
0.0,0.8795,0.1205
0.0303333333333,0.935333333333,0.0343333333333
0.013,0.771,0.216
0.0,0.785,0.215
0.0,0.877,0.123
0.0164,0.7532,0.2304
0.1065,0.8165,0.0765
0.0,0.9292,0.0708
0.0154166666667,0.834583333333,0.15
0.0,0.764333333333,0.235666666667
0.0,0.859571428571,0.140428571429
0.03,0.94075,0.02925
0.0,0.744416666667,0.255583333333
0.0105333333333,0.8322,0.157266666667
0.0434,0.821,0.1356
0.0,0.898666666667,0.101333333333
0.0,0.5388,0.4612
0.0865,0.8175,0.096
,,
0.0705,0.917,0.0125
0.109,0.844666666667,0.0461666666667
0.0,0.694833333333,0.305166666667
0.0,0.69,0.31
0.0,0.802285714286,0.197714285714
0.0,0.73,0.27
0.0448571428571,0.856571428571,0.0985714285714
0.0536666666667,0.788666666667,0.157666666667
0.0105714285714,0.821428571429,0.168
0.0,0.8925,0.1075
0.0,0.853,0.147
0.0521428571429,0.789,0.158857142857
0.0,0.879692307692,0.120307692308
0.0,0.7725,0.2275
0.0164285714286,0.745428571429,0.238142857143
0.0,0.756,0.244
0.0,0.95675,0.04325
0.0,0.8048,0.1952
0.0,0.79875,0.20125
0.0127,0.7872,0.2001
0.00825,0.78175,0.21
0.0,0.8052,0.1948
0.0,1.0,0.0
0.017,0.8752,0.1076
0.0,0.917,0.083
0.0,0.948571428571,0.0514285714286
0.013,0.8164,0.1704
0.046,0.848,0.106
0.0,0.802,0.198
0.0,0.819666666667,0.180333333333
0.0,0.78425,0.21575
0.0025,0.9,0.0975
0.0,0.717,0.283
0.0,1.0,0.0
,,
0.0,0.8415,0.1585
0.0256666666667,0.878333333333,0.096
0.0,0.96,0.04
0.0,0.877,0.123
0.0,0.727,0.106333333333
0.0163,0.8377,0.1459
0.0356,0.6392,0.3252
0.0178333333333,0.892583333333,0.0895833333333
0.018,0.891285714286,0.0908571428571
0.0,0.93825,0.06175
0.0,0.657666666667,0.342333333333
0.0645,0.744,0.1915
0.0,0.8875,0.1125
0.0,0.617,0.383
0.228666666667,0.703666666667,0.0676666666667
0.0151428571429,0.782714285714,0.202285714286
0.0174285714286,0.704285714286,0.278285714286
0.0,0.738,0.262
0.0181428571429,0.902571428571,0.0792857142857
0.0,0.909,0.091
0.0,0.845666666667,0.154333333333
0.0,0.816666666667,0.183333333333
0.0,0.83,0.17
0.0,0.84975,0.15025
0.117,0.726,0.157
0.125,0.72,0.155
0.0326,0.812,0.1554
0.071,0.707,0.222
0.0,0.965,0.035
0.0,0.8445,0.1555
0.0,0.9,0.1
0.0092,0.9208,0.07
0.0,0.82725,0.17275
0.0,0.8822,0.1178
0.0,1.0,0.0
0.0,0.909666666667,0.0903333333333
0.0,0.86375,0.13625
0.0,1.0,0.0
0.0,0.88,0.12
0.0,0.953,0.047
0.00633333333333,0.9355,0.0583333333333
0.1595,0.7875,0.0525
0.0085,0.870833333333,0.120666666667
0.0318571428571,0.758714285714,0.209428571429
0.0,1.0,0.0
0.0646666666667,0.878111111111,0.0572222222222
0.0,0.7537,0.2463
0.0,0.776,0.224
0.0,0.798,0.202
0.014,0.686777777778,0.299222222222
0.0266666666667,0.973333333333,0.0
0.017,0.7965,0.1865
0.00733333333333,0.790333333333,0.202333333333
0.0165925925926,0.84437037037,0.139037037037
0.0,0.923666666667,0.0763333333333
0.013,0.537833333333,0.449333333333
0.0445,0.9555,0.0
0.00428571428571,0.905857142857,0.0898571428571
0.0,0.855428571429,0.144571428571
0.0,0.864666666667,0.135333333333
0.0,0.910333333333,0.0896666666667
0.090875,0.77125,0.137875
0.0422,0.865,0.0928
0.0256666666667,0.758,0.216666666667
0.0,1.0,0.0
0.018,0.9185,0.0635
0.0,0.9374,0.0626
0.0,0.96625,0.03375
0.0,0.7808,0.2192
0.0,0.960857142857,0.0392857142857
0.125,0.804333333333,0.0706666666667
0.02175,0.8605,0.11775
0.0,0.75,0.25
0.01225,0.92225,0.0655
0.0092,0.9392,0.0516
0.0,0.784,0.216
0.0,0.84,0.16
0.013,0.764555555556,0.222333333333
0.0,0.8675,0.1325
0.0,0.7882,0.2118
0.0,0.9195,0.0805
0.0,0.419666666667,0.247
,,
0.0,0.755,0.245
0.0,0.833,0.167
0.0,1.0,0.0
0.0,0.858,0.142
,,
0.0,1.0,0.0
0.0133333333333,0.837888888889,0.148777777778
,,
0.08925,0.747,0.16375
0.0,0.921333333333,0.0786666666667
0.0,0.80475,0.19525
0.0,0.659,0.341
0.0212,0.8808,0.098
0.0522,0.822,0.126
0.0,0.90775,0.09225
0.0,0.9,0.1
0.0,0.272,0.228
0.0,1.0,0.0
0.0,0.856714285714,0.143285714286
0.0245,0.768833333333,0.206666666667
0.0,0.862,0.138
0.0,0.7525,0.2475
0.0,0.776714285714,0.223285714286
0.0,0.97,0.03
0.0,0.674,0.326
0.0,1.0,0.0
,,
0.0,0.858,0.142
0.0053,0.7707,0.224
0.0,0.808,0.192
0.0,0.9462,0.0538
,,
0.0,0.7725,0.2275
0.01375,0.7025,0.2835
0.0,0.864,0.136
0.00633333333333,0.913,0.0806666666667
0.032,0.652,0.316
0.0,0.644166666667,0.355833333333
0.036,0.885,0.08
0.0306666666667,0.806,0.163333333333
0.0,1.0,0.0
0.0,0.936,0.064
,,
0.0,0.829888888889,0.170111111111
0.0,1.0,0.0
0.0170434782609,0.853739130435,0.129260869565
0.0,0.759,0.241
0.0,0.8935,0.1065
0.0305,0.902666666667,0.0668333333333
0.0616666666667,0.7345,0.203833333333
0.0,1.0,0.0
0.03225,0.763,0.20475
0.0,0.898875,0.101125
0.0,0.878833333333,0.121166666667
0.0,0.938333333333,0.0616666666667
0.0,0.8798,0.1202
0.0,1.0,0.0
0.0,0.971833333333,0.0281666666667
0.0,1.0,0.0
0.0086,0.9518,0.0396
0.0789166666667,0.748083333333,0.173
0.0,0.755,0.245
0.0143333333333,0.881933333333,0.103733333333
0.2515,0.7485,0.0
0.0,0.720375,0.279625
0.0,0.850333333333,0.149666666667
0.0,0.934,0.066
,,
0.0,0.9335,0.0665
0.0,1.0,0.0
0.1175,0.845833333333,0.0366666666667
0.01,0.90225,0.08775
0.0,0.7525,0.2475
0.0292,0.8834,0.0874
0.0,0.853,0.147
0.0,0.93,0.07
0.00733333333333,0.941833333333,0.0508333333333
0.0246,0.9468,0.0286
0.0408,0.8483,0.111
0.0728571428571,0.820857142857,0.106285714286
0.0,0.871,0.129
0.0,1.0,0.0
,,
0.0395,0.853,0.1075
0.0,0.795222222222,0.204777777778
0.0,0.600666666667,0.066
0.0,0.95775,0.04225
0.0325714285714,0.729,0.238285714286
0.0,1.0,0.0
0.0232857142857,0.935142857143,0.0415714285714
0.0,0.8735,0.1265
0.0152857142857,0.88,0.104714285714
0.0,0.881,0.119
0.0,0.871333333333,0.128666666667
0.0,0.873,0.127
0.0,0.894714285714,0.105428571429
,,
0.0,0.82325,0.17675
0.0,0.876,0.124
0.0,0.938333333333,0.0616666666667
0.0,0.9255,0.0745
0.0,0.9025,0.0975
0.0,1.0,0.0
0.0312222222222,0.876555555556,0.0922222222222
0.0,0.840333333333,0.159666666667
0.0,0.7864,0.2136
0.0,0.9285,0.0715
0.0,0.901333333333,0.0986666666667
0.0374285714286,0.794142857143,0.168571428571
0.0,0.9306,0.0694
0.038,0.8056,0.1564
,,
0.0,1.0,0.0
0.0,0.891625,0.108375
0.0903333333333,0.797333333333,0.112666666667
0.0,0.755625,0.244375
0.0,0.7755,0.2245
,,
0.0,0.924777777778,0.0752222222222
0.043,0.8695,0.0875
0.0238181818182,0.815272727273,0.160909090909
0.0528,0.8334,0.1138
0.0,0.72275,0.27725
0.00575,0.9225,0.07175
0.0198888888889,0.798333333333,0.181777777778
,,
0.0,0.924,0.076
0.011,0.902,0.087
0.0,0.793,0.207
0.0,0.69925,0.30075
0.0,0.9515,0.0485
0.0,0.792888888889,0.207111111111
0.0,0.7818,0.2182
0.0,0.843,0.157
0.0118888888889,0.892222222222,0.0958888888889
0.013,0.835,0.152166666667
0.009,0.884,0.107
0.0,0.926,0.074
0.0,0.689,0.311
0.0,0.923,0.077
0.0,0.835333333333,0.164666666667
,,
0.0502,0.7944,0.1554
0.0219411764706,0.863294117647,0.114764705882
0.0306153846154,0.880461538462,0.0889230769231
0.0383333333333,0.779666666667,0.182
0.032,0.714,0.254
0.0,0.96,0.04
0.016,0.8918,0.0922
0.0286666666667,0.806666666667,0.165
0.0092,0.9392,0.0516
0.119,0.7975,0.0835
0.0,0.8845,0.1155
0.0307777777778,0.954111111111,0.0152222222222
0.0302857142857,0.942857142857,0.0268571428571
0.0,0.8322,0.1678
0.0,0.904,0.096
0.0278333333333,0.781166666667,0.191
0.018,0.930166666667,0.0518333333333
0.0,0.84325,0.15675
0.0,0.9356,0.0644
0.0,0.8185,0.1815
0.0,0.971333333333,0.0286666666667
0.0213333333333,0.72,0.258666666667
0.0,0.685666666667,0.314333333333
0.0322,0.8331,0.1347
0.0,0.9112,0.0888
0.0,0.821333333333,0.178666666667
0.0,0.880571428571,0.119428571429
0.0,0.81,0.19
,,
0.013,0.766,0.221
0.0,1.0,0.0
0.0,0.832,0.168
0.039,0.9104,0.0506
0.0165,0.8495,0.134
0.0125,0.81975,0.16775
0.052,0.909857142857,0.0381428571429
0.0,0.724333333333,0.275666666667
0.008,0.794857142857,0.197
0.009,0.8482,0.1428
0.01175,0.793,0.19525
0.054,0.889,0.057
0.03,0.781,0.189
0.0,0.813285714286,0.186714285714
0.0464285714286,0.695428571429,0.258142857143
0.0124285714286,0.935214285714,0.0523571428571
0.0145384615385,0.865076923077,0.120384615385
0.0,0.907,0.093
0.0,0.8275,0.1725
,,
0.0,0.793,0.207
0.0,0.9235,0.0765
0.014,0.759,0.228
0.0,0.822,0.178
0.044,0.9015,0.054
0.0,0.717,0.283
0.291,0.658,0.051
0.0980769230769,0.765615384615,0.136307692308
0.0,0.907090909091,0.0929090909091
0.0792857142857,0.813428571429,0.107285714286
0.0266666666667,0.872333333333,0.101
,,
0.0,0.8885,0.1115
0.055,0.797333333333,0.147666666667
0.0088,0.8892,0.1018
0.026,0.7141,0.1599
0.0598333333333,0.855166666667,0.085
0.1215,0.6515,0.227
0.0164285714286,0.890857142857,0.0927142857143
,,
0.0,0.8316,0.1684
0.0,0.985625,0.014375
0.0,0.9294,0.0706
0.0,1.0,0.0
0.0263333333333,0.76,0.213666666667
0.03725,0.86875,0.09425
0.0305555555556,0.878444444444,0.091
0.0,0.869,0.131
0.0,1.0,0.0
0.0,0.2855,0.2145
0.0,0.944,0.056
0.0254285714286,0.929857142857,0.0447142857143
0.006375,0.86875,0.124875
0.0,0.909,0.091
0.0,0.9025,0.0975
,,
0.0,0.933666666667,0.0663333333333
0.0,0.822625,0.177375
0.005,0.935125,0.059875
,,
0.0,0.833666666667,0.166333333333
0.0348,0.884,0.0812
0.0,0.846333333333,0.153666666667
0.0,0.7916,0.2084
,,
,,
0.0,0.7844,0.2156
0.0,0.932142857143,0.0678571428571
0.0,0.843333333333,0.156666666667
0.0,1.0,0.0
0.0,0.802166666667,0.197833333333
0.0,0.850333333333,0.149666666667
,,
0.0215555555556,0.771777777778,0.206666666667
0.0,0.8345,0.1655
0.0,0.891666666667,0.108333333333
0.018,0.796470588235,0.185470588235
0.0,0.764,0.236
0.0,0.917,0.083
0.0,0.857142857143,0.142857142857
0.0,0.7985,0.2015
0.085,0.819333333333,0.0953333333333
,,
0.0,0.316,0.684
0.0,0.860285714286,0.139714285714
0.0,0.596,0.404
0.0167142857143,0.957,0.0262857142857
0.0,0.774,0.226
0.02575,0.7445,0.22975
0.0,0.9125,0.0875
0.0,0.771,0.229
0.395,0.467,0.138
0.0,0.918714285714,0.0812857142857
0.0,0.96,0.04
0.0,0.711714285714,0.288285714286
0.0,0.8494,0.1506
0.042,0.908,0.05
0.0,0.848285714286,0.151714285714
0.0,0.822,0.178
0.0,0.828666666667,0.171333333333
0.0151818181818,0.902727272727,0.0820909090909
0.0,0.761333333333,0.238666666667
0.0543333333333,0.799,0.146666666667
0.042875,0.852375,0.10475
0.0,0.7554,0.2446
0.0,0.76825,0.23175
0.0,0.861,0.139
0.0,0.81225,0.18775
0.0681428571429,0.392285714286,0.111
0.045125,0.716875,0.238
0.02425,0.9545,0.021
0.0,0.865,0.135
0.0246666666667,0.890166666667,0.0851666666667
0.0,0.733,0.267
0.03,0.8425,0.1275
0.0,0.638444444444,0.361555555556
0.0,0.769230769231,0.230769230769
0.0465,0.797666666667,0.156
0.008,0.799571428571,0.192428571429
0.0095,0.8197,0.1707
0.0,0.959666666667,0.0403333333333
0.0415,0.7775,0.1805
0.00928571428571,0.793285714286,0.197428571429
0.0271666666667,0.927333333333,0.0455
0.0,0.785285714286,0.214714285714
0.0,0.9115,0.0885
0.0205,0.9505,0.029
0.0659230769231,0.758615384615,0.175538461538
0.0,0.923,0.077
0.0,0.937,0.063
0.0,0.84,0.16
0.0,0.877454545455,0.122545454545
0.00933333333333,0.8515,0.139333333333
0.0,0.85425,0.14575
0.0265,0.776,0.1975
0.0,0.401666666667,0.598333333333
0.0,0.862466666667,0.137533333333
0.0,0.916,0.084
0.0,0.8488,0.1512
0.0,0.775,0.225
0.0795,0.556333333333,0.0308333333333
0.0,0.9325,0.0675
0.0,0.8015,0.1985
,,
0.120666666667,0.818,0.0613333333333
0.00666666666667,0.828333333333,0.165
0.0216666666667,0.868666666667,0.109666666667
0.0,0.778,0.222
0.0,0.833,0.167
0.064,0.936,0.0
0.03,0.904666666667,0.0653333333333
0.0,0.924,0.076
0.023,0.80625,0.17075
0.0086,0.9024,0.089
,,
0.0065,0.909,0.0845
0.0908333333333,0.712166666667,0.197
,,
0.0113333333333,0.895666666667,0.093
0.0095,0.9905,0.0
0.0157142857143,0.984285714286,0.0
0.0,0.895,0.105
0.0085,0.81475,0.177
0.0232,0.9008,0.076
0.0,0.90025,0.09975
0.0314,0.8064,0.1622
0.0,0.77675,0.22325
0.016,0.7705,0.2135
0.0202222222222,0.822888888889,0.157111111111
0.0,1.0,0.0
0.0126363636364,0.888363636364,0.099
0.038,0.851,0.111
0.0,0.959777777778,0.0402222222222
0.0,0.852666666667,0.147333333333
0.0204,0.8274,0.1522
0.007,0.903571428571,0.0894285714286
0.0397142857143,0.848571428571,0.111857142857
0.0,0.899857142857,0.100142857143
0.0163333333333,0.965,0.0186666666667
0.027,0.894,0.079
0.0211,0.8329,0.146
0.0161666666667,0.824166666667,0.1595
0.025,0.737,0.238
,,
0.0,0.79025,0.20975
0.0100909090909,0.895090909091,0.0946363636364
0.0,0.921714285714,0.0782857142857
0.0095,0.853666666667,0.136833333333
,,
0.0,0.89925,0.10075
0.0,0.872375,0.127625
0.0701875,0.8471875,0.082625
0.0,0.964,0.036
0.0,0.97,0.03
0.119,0.628666666667,0.252333333333
0.0,0.769,0.231
0.0,0.87175,0.12825
0.209,0.506666666667,0.284333333333
0.0,0.9445,0.0555
0.0523333333333,0.947666666667,0.0
0.0,0.926,0.074
0.0396666666667,0.868666666667,0.0913333333333
0.0,0.753,0.247
0.0317857142857,0.8785,0.0897142857143
0.0,0.814333333333,0.185666666667
0.067,0.696,0.237
0.0,0.7214,0.2786
0.032,0.938,0.03
0.0,0.67175,0.32825
0.0,1.0,0.0
0.0,0.915,0.085
0.0386363636364,0.778409090909,0.182954545455
0.02125,0.86875,0.10975
0.0,0.9244,0.0756
0.0,0.8915,0.1085
0.0,0.833666666667,0.166333333333
0.0342,0.943,0.0228
0.0,0.915,0.085
0.0422857142857,0.837428571429,0.120285714286
0.0,0.745571428571,0.254428571429
0.114666666667,0.8115,0.074
0.0,0.782333333333,0.217666666667
0.0106363636364,0.91,0.0793636363636
0.0,1.0,0.0
0.0,0.858833333333,0.141166666667
0.0,0.904666666667,0.0953333333333
0.0022,0.9226,0.0752
0.0,0.835333333333,0.164666666667
0.0171538461538,0.847538461538,0.135384615385
0.0355,0.826,0.1385
0.0156666666667,0.887833333333,0.0963333333333
0.0,1.0,0.0
0.0,0.921,0.079
0.0,0.852875,0.147125
0.0,0.9805,0.0195
0.0,0.662,0.338
0.008,0.765571428571,0.226571428571
0.023,0.95,0.028
0.0094,0.8498,0.1408
0.0,0.834333333333,0.165666666667
0.0182,0.8934,0.0884
0.0,0.72,0.28
0.0,0.898428571429,0.101571428571
0.0,0.7644,0.2356
0.0,0.733666666667,0.266333333333
0.0,0.84,0.16
0.0232857142857,0.903428571429,0.0732857142857
0.007,0.9208,0.0722
0.0,0.91,0.09
0.0,0.787666666667,0.212333333333
0.0,0.788333333333,0.211666666667
0.0,0.8952,0.1048
0.0195,0.80225,0.17825
,,
0.0,0.816,0.184
0.0,0.6685,0.3315
0.0,0.694,0.306
0.0,0.967,0.033
0.0512,0.7818,0.167
0.0,0.87925,0.12075
0.0,0.878,0.122
0.022375,0.89025,0.087375
0.151,0.7732,0.0758
0.045,0.738,0.217
0.0,0.8565,0.1435
,,
0.0,0.810777777778,0.189222222222
0.0511666666667,0.793166666667,0.155666666667
0.0,0.8845,0.1155
0.0,0.8705,0.1295
0.0,0.911,0.089
,,
0.119,0.791833333333,0.0891666666667
0.0,0.93025,0.06975
0.0255555555556,0.831333333333,0.143111111111
0.0,0.8066,0.1934
0.0055,0.832666666667,0.161833333333
0.026875,0.771,0.202125
0.02675,0.901,0.0725
0.0937777777778,0.730777777778,0.175444444444
0.0303333333333,0.782333333333,0.187333333333
0.0,0.8455,0.1545
0.0,0.812,0.188
0.0,0.6745,0.3255
0.0,0.894875,0.105125
0.1205,0.8025,0.077
,,
0.058,0.657333333333,0.284666666667
0.024,0.906,0.07
0.0,1.0,0.0
0.0,0.869,0.131
0.0,0.9616,0.0384
0.0,0.721,0.279
,,
0.0549230769231,0.743846153846,0.201230769231
0.0,0.898,0.102
0.0,1.0,0.0
0.0386,0.9046,0.0568
0.047,0.72,0.233
0.0,0.9115,0.0885
0.0065,0.96825,0.02525
0.0,0.846833333333,0.153166666667
0.0,0.826,0.174
0.0272857142857,0.95,0.0227142857143
0.0237142857143,0.817428571429,0.158857142857
0.014,0.894,0.091
0.103,0.80575,0.09125
0.0342222222222,0.712666666667,0.253222222222
0.0238823529412,0.816411764706,0.159705882353
0.018,0.847,0.135
0.04575,0.50375,0.2005
0.024,0.8245,0.1515
0.0176,0.7846,0.1978
0.0225,0.9345,0.043
0.0,0.814333333333,0.185666666667
0.06,0.94,0.0
0.0793333333333,0.856333333333,0.0643333333333
0.0,0.98475,0.01525
0.0,0.865,0.135
0.0153846153846,0.911,0.0736153846154
0.03,0.93,0.04
0.0368333333333,0.71,0.253166666667
0.0,0.711666666667,0.288333333333
0.0376666666667,0.853166666667,0.109166666667
,,
0.071125,0.714125,0.21475
0.0,0.941,0.059
0.0174,0.8937,0.0889
0.0,0.8345,0.1655
0.0095,0.8645,0.126
0.0,0.95,0.05
0.033,0.9015,0.065
0.0,0.924,0.076
0.0,0.692,0.308
0.031,0.776,0.193166666667
0.088,0.711375,0.200625
,,
0.0167142857143,0.914,0.0692857142857
,,
0.119,0.686833333333,0.194166666667
0.0,0.9035,0.0965
0.0,0.832666666667,0.167333333333
0.01,0.917,0.074
0.011875,0.94975,0.038375
0.0065,0.90925,0.08425
0.0125,0.83925,0.14825
0.0,0.788625,0.211375
,,
0.0,0.983,0.017
0.0,0.837571428571,0.162428571429
0.0,1.0,0.0
0.0,0.7795,0.2205
0.00911111111111,0.929,0.0618888888889
0.023,0.701833333333,0.275166666667
0.03875,0.8575,0.10375
0.0288461538462,0.85,0.121153846154
0.0,0.673625,0.326375
0.00945454545455,0.920272727273,0.0702727272727
0.0415,0.744875,0.213625
0.0,0.673333333333,0.326666666667
0.0,0.943545454545,0.0564545454545
0.0,0.93275,0.06725
0.019,0.856,0.125
0.0,1.0,0.0
0.0158571428571,0.955142857143,0.029
0.0,0.7765,0.2235
0.0476666666667,0.875,0.078
0.0,0.882,0.118
0.00266666666667,0.798733333333,0.1986
0.0,0.838333333333,0.161666666667
0.0,0.884857142857,0.115142857143
0.0,0.681333333333,0.318666666667
0.0,0.829,0.171
0.004375,0.8184375,0.1771875
0.0152,0.883,0.1018
0.01875,0.88975,0.0915
0.0181111111111,0.897222222222,0.0846666666667
0.00221428571429,0.797428571429,0.0575
0.04575,0.84175,0.1125
0.0,0.8,0.2
0.0,0.853,0.147
0.049,0.83825,0.11275
0.0,1.0,0.0
0.077,0.839,0.084
,,
0.00742857142857,0.785285714286,0.207428571429
0.0,0.91475,0.08525
0.0217307692308,0.732076923077,0.207730769231
0.043,0.823375,0.133625
0.0,0.8945,0.1055
0.0,0.9302,0.0698
0.0295,0.8845,0.086
0.00442857142857,0.966142857143,0.0294285714286
0.102,0.813,0.085
,,
0.0,0.922571428571,0.0774285714286
0.0,0.816333333333,0.183666666667
0.0265,0.7185,0.2545
0.0,0.958,0.042
0.0342,0.7647,0.2011
0.124857142857,0.817285714286,0.058
0.0,0.9438,0.0562
0.0,0.864625,0.135375
0.0,0.8115,0.1885
0.0,0.953857142857,0.0461428571429
0.0,1.0,0.0
0.0,0.917666666667,0.0823333333333
0.0,0.953,0.047
0.014,0.763,0.223
0.0,0.951666666667,0.0483333333333
0.0,0.8535,0.1465
0.03,0.796,0.174
0.039,0.322,0.1385
0.0085,0.788333333333,0.203166666667
0.0,0.969,0.031
0.0,0.843,0.157
0.0,0.692,0.308
0.0,0.942666666667,0.0573333333333
0.0383333333333,0.818777777778,0.142888888889
0.0,0.9145,0.0855
0.0,0.8916,0.1084
0.0,0.829,0.171
0.0,0.9112,0.0888
0.0,0.877,0.123
0.0268,0.9076,0.0656
0.0,0.891,0.109
0.0188888888889,0.798666666667,0.182444444444
0.0365,0.7625,0.201
0.0,0.841,0.159
0.269666666667,0.717,0.0133333333333
0.0,0.789,0.211
0.0,0.777,0.223
0.00375,0.77675,0.219625
,,
0.053,0.849,0.0985
0.062,0.826,0.112
0.0235,0.766,0.2105
0.185,0.706333333333,0.108666666667
0.0255714285714,0.841857142857,0.132571428571
0.041,0.787,0.172
0.0,0.678,0.322
0.0,0.896,0.104
0.033,0.8255,0.142
0.0,0.84525,0.15475
0.0165,0.716,0.2675
0.0106,0.579,0.4104
0.0,0.906,0.094
0.0,0.651666666667,0.348333333333
0.0,0.728285714286,0.128857142857
0.064,0.647,0.2885
0.0125454545455,0.836454545455,0.151
0.03325,0.903,0.06375
0.0167142857143,0.908142857143,0.0751428571429
0.0,0.7298,0.2702
0.0,0.927,0.073
0.0,1.0,0.0
0.0,0.93825,0.06175
0.00657142857143,0.910142857143,0.0831428571429
0.0,0.893,0.107
0.027,0.918,0.055
0.072,0.767,0.161
0.00775,0.77125,0.221
0.0161666666667,0.824166666667,0.1595
0.015,0.82375,0.16125
0.0,0.8666,0.1334
0.0,0.82375,0.17625
0.0,0.835,0.165
0.0,0.8788,0.1212
0.0838333333333,0.833833333333,0.0823333333333
0.054,0.759,0.187
0.0524,0.785466666667,0.162133333333
0.0663636363636,0.807181818182,0.126454545455
0.0,0.757333333333,0.242666666667
0.0155,0.972,0.0125
0.0032380952381,0.782761904762,0.214
0.03125,0.9015,0.06725
0.0,0.87875,0.12125
0.0,0.698666666667,0.301333333333
0.0,0.9336,0.0664
0.0,0.8292,0.1708
0.0113333333333,0.841666666667,0.147
0.0,0.9195,0.0805
0.0,0.96,0.04
0.0,0.978285714286,0.0217142857143
0.0823333333333,0.917666666667,0.0
0.0,0.725,0.275
0.0728888888889,0.864666666667,0.0624444444444
,,
0.0,0.819823529412,0.180176470588
0.018,0.82,0.162
,,
0.0143333333333,0.804166666667,0.1815
0.0,0.815571428571,0.184428571429
0.04,0.792,0.167
0.0118,0.8926,0.0956
0.02675,0.755,0.21825
0.013,0.901,0.086
0.0445,0.91625,0.03925
0.0,0.828833333333,0.171166666667
0.073,0.755888888889,0.171111111111
0.058,0.620333333333,0.321666666667
0.0235,0.694,0.2827
0.0,0.87275,0.12725
0.0,1.0,0.0
0.0,0.392,0.608
0.016,0.7655,0.2185
,,
0.071,0.626666666667,0.302333333333
0.0,0.817,0.183
0.023,0.695,0.281
0.0205625,0.806,0.1734375
0.0366666666667,0.85,0.113333333333
0.0463333333333,0.953666666667,0.0
0.0,0.967333333333,0.0326666666667
0.0271666666667,0.820666666667,0.152166666667
0.328,0.6145,0.0575
0.0,0.8575,0.1425
,,
0.0271666666667,0.927333333333,0.0455
0.0038,0.909,0.0872
0.0,0.735666666667,0.264333333333
0.0,0.907,0.093
,,
0.0595,0.607166666667,0.166666666667
0.0,0.6235,0.3765
0.00375,0.8375,0.15875
0.0,0.8885,0.1115
0.0,0.93975,0.06025
0.0,0.829,0.171
0.007,0.885428571429,0.107571428571
0.0306666666667,0.848333333333,0.121
,,
0.028,0.972,0.0
0.0,0.875428571429,0.124571428571
0.01675,0.71125,0.022
0.0,0.958,0.042
0.0211,0.8397,0.1392
0.0256666666667,0.762666666667,0.211666666667
0.0,0.665333333333,0.334666666667
0.0,0.84,0.16
0.008,0.547666666667,0.444
0.0,0.7935,0.2065
0.10025,0.843125,0.056625
0.0,0.83075,0.16925
0.0,0.806,0.194
0.0,0.6988,0.3012
0.11475,0.88525,0.0
0.0118,0.8106,0.1778
,,
0.101,0.899,0.0
0.0704,0.7848,0.1448
,,
0.0344285714286,0.891142857143,0.0744285714286
0.0,0.8832,0.1168
0.066,0.934,0.0
0.0,0.947,0.053
0.0,0.825666666667,0.174333333333
0.0,0.744,0.256
0.0,1.0,0.0
0.0,1.0,0.0
0.0133333333333,0.951666666667,0.035
0.0,0.81425,0.18575
0.0,0.759,0.241
,,
0.01,0.825444444444,0.164555555556
0.04825,0.895,0.05675
0.0,0.803,0.197
0.0,0.796,0.204
0.149,0.734833333333,0.116166666667
0.031,0.871333333333,0.0973333333333
0.0,0.955,0.045
0.0216,0.862,0.1164
0.0,0.752,0.248
0.127,0.684285714286,0.188714285714
0.10175,0.89825,0.0
0.0,0.876,0.124
0.0,0.806333333333,0.193666666667
0.015375,0.95375,0.030875
0.0,0.7558,0.2442
0.0,0.971333333333,0.0286666666667
0.0,0.72775,0.27225
0.09075,0.71025,0.19925
,,
0.0,0.912666666667,0.0873333333333
0.0346,0.848533333333,0.117
0.0,0.8604,0.1396
0.0243333333333,0.852333333333,0.123333333333
0.0,0.883,0.117
0.041375,0.674125,0.2845
0.0,0.963,0.037
0.0,0.773666666667,0.226333333333
0.0838888888889,0.901888888889,0.0142222222222
0.022,0.758142857143,0.219857142857
0.0,0.7235,0.2765
0.00833333333333,0.950333333333,0.041
0.0,0.9325,0.0675
0.03275,0.74075,0.22625
0.0,0.772166666667,0.0611666666667
0.044,0.897,0.059
0.0123,0.9022,0.0855
0.0,0.9374,0.0626
0.0,0.900666666667,0.0993333333333
0.0,0.9654,0.0346
0.043,0.715,0.241
0.0,0.8995,0.1005
0.0192222222222,0.749777777778,0.231
0.0333333333333,0.87575,0.0909166666667
0.0,0.71,0.29
0.0421666666667,0.914666666667,0.0431666666667
0.0425,0.85675,0.1005
0.00542857142857,0.869142857143,0.125428571429
0.0,0.969,0.031
0.0,0.919666666667,0.0803333333333
0.0,0.92175,0.07825
0.0,0.891,0.109
0.0,0.873,0.127
