neg,neu,pos
0.00522222222222,0.912111111111,0.0826666666667
,,
0.0,0.798,0.202
0.0,0.9485,0.0515
0.0394,0.8878,0.0728
,,
0.0,0.76925,0.23075
0.0,0.8515,0.1485
0.0,1.0,0.0
0.0385714285714,0.920285714286,0.041
0.0,0.864,0.136
0.0475,0.882833333333,0.0696666666667
0.0435,0.675625,0.280875
0.0,0.968,0.032
0.03225,0.89725,0.0705
0.0,0.7734,0.2266
0.0,0.638,0.362
0.0105,0.7555,0.234166666667
,,
,,
0.0,0.807833333333,0.192166666667
0.0518,0.7774,0.171
,,
0.0,0.967,0.033
0.0217777777778,0.688,0.290222222222
0.00681818181818,0.868909090909,0.124272727273
0.02625,0.54225,0.4315
0.0,0.7835,0.2165
0.0,1.0,0.0
0.0,0.907,0.093
0.0,0.897818181818,0.102181818182
0.011,0.810875,0.178125
0.0,0.942,0.058
0.0,0.9135,0.0865
0.0,0.8988,0.1012
0.00814285714286,0.887142857143,0.104571428571
0.012,0.903,0.085
0.0344,0.7806,0.185
0.018,0.842875,0.139
0.0,0.8434,0.1566
0.0,1.0,0.0
0.0,0.93425,0.06575
0.012,0.761571428571,0.226285714286
0.0204285714286,0.944571428571,0.035
0.0,0.8926,0.1074
0.0,0.821,0.179
0.0103333333333,0.687,0.302666666667
0.0102857142857,0.947571428571,0.042
0.0,1.0,0.0
0.0,0.8245,0.1755
0.0,0.738,0.262
0.017,0.7975,0.1855
0.0,0.807833333333,0.192166666667
0.0675,0.8965,0.036
0.0703333333333,0.882333333333,0.0473333333333
0.0,0.7302,0.2698
0.04475,0.67625,0.279
,,
0.0,0.873142857143,0.126857142857
0.0,1.0,0.0
0.0,0.915285714286,0.0847142857143
0.1385,0.75975,0.10175
0.0175,0.815,0.1675
0.0122,0.7669,0.221
0.00716666666667,0.9025,0.0901666666667
,,
0.024,0.817666666667,0.158333333333
,,
0.02225,0.825,0.15275
0.0,0.9465,0.0535
0.0,0.846571428571,0.153428571429
0.0,0.794,0.206
0.0579090909091,0.834727272727,0.107363636364
,,
0.043625,0.805125,0.15125
0.0,0.846,0.154
0.0754285714286,0.776428571429,0.148142857143
0.0,1.0,0.0
0.0,0.915333333333,0.0846666666667
0.0483333333333,0.803611111111,0.148055555556
0.0,0.811846153846,0.188153846154
0.0189090909091,0.912545454545,0.0685454545455
0.0,0.888,0.112
0.0,0.8415,0.1585
,,
0.0088,0.8734,0.1178
0.0,0.8008,0.1992
0.022,0.794,0.184
0.0,0.857833333333,0.142166666667
0.0,0.8232,0.1768
,,
0.0,0.906,0.094
0.0,0.964,0.036
0.0495,0.8745,0.0758333333333
0.266,0.734,0.0
0.0,0.9,0.1
0.0,0.821333333333,0.178666666667
0.023,0.817,0.16
0.007,0.9505,0.0425
0.0,0.806,0.194
0.0634,0.871,0.0656
0.0,0.8336,0.1664
0.0878,0.8066,0.1054
0.0202,0.7732,0.2066
0.0,0.9112,0.0888
0.0,0.927,0.073
0.0,0.6136,0.1864
0.024,0.822,0.154
0.0,0.756142857143,0.243857142857
0.0,0.76875,0.10625
0.0,0.8488,0.1512
0.0271666666667,0.927333333333,0.0455
,,
0.0,0.833,0.167
0.0,0.884,0.116
0.0265,0.9105,0.063
0.03,0.8805,0.0895
0.0416666666667,0.764666666667,0.193666666667
0.0,0.78175,0.21825
0.0,0.7964,0.2036
0.0526666666667,0.892666666667,0.0546666666667
0.0225,0.815,0.1625
0.027,0.7535,0.2195
0.111384615385,0.728076923077,0.160538461538
0.0413333333333,0.426666666667,0.199333333333
0.0,0.931,0.069
0.0,0.828,0.172
0.0,1.0,0.0
0.0297142857143,0.862714285714,0.107571428571
0.0,0.781428571429,0.218571428571
0.0184210526316,0.891526315789,0.0900526315789
0.0,0.929888888889,0.0701111111111
0.0,0.749,0.251
0.0,0.769,0.231
0.0,0.582666666667,0.417333333333
0.00428571428571,0.840428571429,0.155285714286
0.01325,0.86275,0.124
0.017375,0.640875,0.34175
0.142857142857,0.569428571429,0.144857142857
0.0,0.85,0.15
0.0118333333333,0.809916666667,0.17825
0.0,0.836,0.164
0.0,0.8655,0.1345
0.0385,0.6725,0.289
0.0,0.95,0.05
0.0,0.865,0.135
0.0131666666667,0.847333333333,0.139666666667
0.0,0.83175,0.16825
0.15275,0.57725,0.27
0.0,0.865333333333,0.134666666667
0.026,0.75,0.223
0.0,0.879142857143,0.120857142857
0.00633333333333,0.9355,0.0583333333333
0.095,0.905,0.0
0.0,1.0,0.0
0.0,0.716,0.284
0.0,0.963,0.037
0.0,0.856,0.144
0.0284,0.8266,0.145
0.01275,0.9025,0.08475
0.0345,0.764,0.2015
0.014,0.83,0.156
0.0,0.602,0.398
0.318375,0.612,0.069625
0.0,0.964,0.036
0.1234,0.7964,0.0802
0.0213333333333,0.978666666667,0.0
0.028,0.741,0.231
0.0,0.6815,0.3185
0.0,0.8675,0.1325
0.0,1.0,0.0
0.0,0.861181818182,0.138818181818
0.0305,0.8473,0.1222
0.048,0.905,0.047
,,
0.0,0.857333333333,0.142666666667
0.0,0.8425,0.1575
0.0,0.912,0.088
0.052,0.797,0.151
0.0,0.896666666667,0.103333333333
0.0,0.901142857143,0.0988571428571
0.0,0.9226,0.0774
0.0,0.9342,0.0658
0.02375,0.83275,0.1435
0.0,0.8804,0.1196
0.01925,0.844,0.13675
0.02,0.945666666667,0.0343333333333
0.0,0.73525,0.26475
0.00575,0.92225,0.07225
0.0,0.763666666667,0.236333333333
0.0,0.8722,0.1278
0.0,0.8278,0.1722
0.017,0.9165,0.0665
0.0571,0.7755,0.1674
0.0116,0.8312,0.1572
0.0,0.891333333333,0.108666666667
0.0,0.9335,0.0665
0.0,0.909,0.091
0.0,0.95,0.05
0.034125,0.763625,0.20225
0.0,0.833,0.167
0.0,1.0,0.0
0.0654285714286,0.784142857143,0.079
0.0296153846154,0.808615384615,0.161769230769
0.0167142857143,0.756142857143,0.0842857142857
0.0,0.968,0.032
0.0245652173913,0.846391304348,0.129043478261
0.0,0.815666666667,0.184333333333
0.0302857142857,0.900714285714,0.0691428571429
0.0,0.891307692308,0.108692307692
,,
0.0412727272727,0.839454545455,0.119363636364
0.0,0.769666666667,0.230333333333
0.00971428571429,0.824714285714,0.165571428571
0.005,0.753142857143,0.241857142857
0.0282,0.8954,0.0764
0.0,0.896,0.104
0.0,0.818666666667,0.181333333333
0.0,1.0,0.0
0.102,0.8335,0.0645
0.0,0.763333333333,0.236666666667
0.0106363636364,0.882272727273,0.107090909091
0.0,0.876,0.124
0.008125,0.75725,0.234625
0.0134,0.9222,0.0644
0.00615789473684,0.839368421053,0.154473684211
0.04925,0.691375,0.259375
0.015,0.858714285714,0.126285714286
0.0,0.93775,0.06225
0.015,0.813,0.172
0.0,0.955,0.045
0.00871428571429,0.747857142857,0.100571428571
0.0,0.973666666667,0.0263333333333
0.0,0.739,0.261
0.00533333333333,0.862222222222,0.132555555556
0.0227142857143,0.793285714286,0.184
0.0,0.9462,0.0538
0.0,0.933833333333,0.0661666666667
0.046,0.81,0.144
0.0435833333333,0.823083333333,0.13325
,,
0.0213333333333,0.947666666667,0.031
0.0485,0.818416666667,0.133083333333
0.0,0.811166666667,0.188833333333
0.0,0.7695,0.2305
0.00963636363636,0.805363636364,0.185090909091
0.0,1.0,0.0
0.0092,0.9208,0.07
0.014625,0.79575,0.189625
0.012,0.87975,0.10825
0.0,0.846666666667,0.153333333333
0.0146666666667,0.591666666667,0.393666666667
0.0815714285714,0.79,0.128571428571
0.0,0.9562,0.0438
0.0,1.0,0.0
0.0,0.88675,0.11325
0.00765625,0.9225625,0.06978125
0.059,0.833,0.108
0.0173333333333,0.933333333333,0.0493333333333
0.0,0.73575,0.26425
0.0,0.8218,0.1782
0.0341,0.849,0.1168
0.0,0.87175,0.12825
0.0,0.7685,0.2315
0.065375,0.864,0.070625
0.0,0.715333333333,0.284666666667
0.0518,0.7774,0.171
0.157333333333,0.763833333333,0.0788333333333
0.008,0.855833333333,0.136333333333
0.0391333333333,0.778666666667,0.1822
0.291,0.6585,0.0505
0.0,0.8955,0.1045
0.015375,0.95375,0.030875
0.0,0.858,0.142
0.0,1.0,0.0
0.0,0.502,0.498
0.0,0.89825,0.10175
0.0,0.827,0.173
0.1785,0.8215,0.0
0.00466666666667,0.827222222222,0.168111111111
0.0496666666667,0.950333333333,0.0
0.0,0.923,0.077
,,
0.071,0.707,0.222
0.0,0.811166666667,0.188833333333
0.0235,0.922,0.0545
0.0,0.963666666667,0.0363333333333
0.011375,0.65625,0.332375
0.007,0.849384615385,0.143615384615
0.0,0.899857142857,0.100142857143
0.0,0.662,0.338
0.0,0.87,0.13
0.021875,0.8709375,0.1071875
0.0526,0.8958,0.0516
0.036,0.8558,0.1084
0.039,0.855,0.106
0.0,0.8144,0.1856
0.0665,0.91675,0.01675
0.104777777778,0.717666666667,0.177555555556
0.0,0.807,0.193
0.0,0.87,0.13
0.0,0.947166666667,0.0528333333333
0.0375,0.932,0.0305
0.0,0.942285714286,0.0577142857143
0.0,1.0,0.0
0.1175,0.6305,0.2525
0.0,0.74,0.26
0.0,0.9405,0.0595
0.0224285714286,0.793857142857,0.183714285714
0.0,0.918,0.082
0.0,0.8202,0.1798
0.0,0.806,0.194
0.22475,0.639,0.1365
0.0,0.7455,0.2545
0.018,0.799666666667,0.182333333333
0.0,0.959,0.041
0.0,0.882,0.118
0.00370588235294,0.822294117647,0.174058823529
0.0276,0.8446,0.1276
0.0261666666667,0.780833333333,0.193
0.06925,0.47025,0.21075
0.074,0.612,0.313
0.017,0.932,0.051
0.027,0.886125,0.086875
0.062,0.8974,0.0406
0.032,0.903,0.065
0.0,1.0,0.0
0.0,0.933,0.067
0.0,0.887,0.113
0.00275,0.939,0.05825
0.0191666666667,0.980833333333,0.0
0.0,0.8114,0.1886
0.0,1.0,0.0
0.0,0.820833333333,0.179166666667
0.047,0.917,0.0361666666667
0.0216666666667,0.772166666667,0.206166666667
,,
,,
0.0,0.931,0.069
0.0,0.828666666667,0.171333333333
0.0,0.891636363636,0.108363636364
0.0,1.0,0.0
0.0743333333333,0.77625,0.149416666667
0.0,0.9018,0.0982
0.0,0.849,0.151
0.024,0.902,0.074
0.0429090909091,0.777181818182,0.179909090909
0.018,0.868,0.1135
,,
0.0553333333333,0.7985,0.146
0.121166666667,0.771166666667,0.107666666667
0.0386363636364,0.806909090909,0.154454545455
0.0,0.73525,0.26475
0.0,0.8285,0.1715
0.0,1.0,0.0
0.0497142857143,0.665857142857,0.284428571429
0.00433333333333,0.929333333333,0.0663333333333
0.019,0.857,0.124
,,
0.0,1.0,0.0
0.0,0.886285714286,0.113714285714
0.0,0.8438,0.1562
,,
0.0,0.9065,0.0935
0.028625,0.873875,0.0975
0.007,0.857833333333,0.135166666667
0.0,0.93075,0.06925
0.0,0.8885,0.1115
0.0,0.750666666667,0.249333333333
0.182,0.818,0.0
0.0,0.894,0.106
0.0,0.892142857143,0.107857142857
0.0095,0.83575,0.15475
0.0198333333333,0.857833333333,0.122333333333
0.0,0.708,0.292
,,
0.0206,0.8312,0.1482
0.05,0.8334,0.1166
,,
0.0,0.911,0.089
0.0,0.918294117647,0.0817058823529
0.0298333333333,0.822916666667,0.14725
0.0,0.9384,0.0616
0.0,1.0,0.0
0.140375,0.6795,0.180125
0.0,0.7365,0.2635
0.00725,0.95325,0.0395
0.0,0.849,0.151
0.025,0.86,0.114
0.0,0.857,0.143
0.0075,0.83325,0.15925
0.0,1.0,0.0
0.239,0.761,0.0
0.0245,0.7535,0.222
0.065,0.775,0.16
0.0,0.7545,0.2455
0.0117058823529,0.936882352941,0.0514117647059
0.0,0.968,0.032
0.0146,0.8102,0.1752
0.02,0.8215,0.1585
,,
0.0,0.929166666667,0.0708333333333
0.0364,0.8948,0.0688
0.00416666666667,0.686833333333,0.309
0.0,0.780375,0.219625
0.0,0.791666666667,0.208333333333
0.01425,0.73625,0.2495
0.0,1.0,0.0
0.031,0.805,0.164
0.0,0.794142857143,0.205857142857
0.0821666666667,0.785666666667,0.132166666667
0.0,0.727,0.273
0.0,0.759166666667,0.240833333333
0.0,0.909,0.091
0.0506,0.7808,0.1688
0.0748333333333,0.785333333333,0.139833333333
0.0398333333333,0.864166666667,0.096
,,
0.0,0.742916666667,0.257083333333
0.0,0.726833333333,0.273166666667
0.0318888888889,0.82,0.148111111111
0.0248571428571,0.869571428571,0.105571428571
0.0,0.7765,0.2235
0.0,0.84525,0.15475
0.0,0.80175,0.19825
0.0,0.881,0.119
0.0974615384615,0.800692307692,0.101846153846
0.0525,0.861,0.08625
0.0,0.894,0.106
0.0,0.799666666667,0.200333333333
0.0215,0.85425,0.124
0.0,0.83425,0.16575
0.0,0.828,0.172
0.0685,0.881,0.0505
0.0,0.864666666667,0.135333333333
0.03525,0.83675,0.128
0.0502,0.7944,0.1554
0.0175555555556,0.803333333333,0.179111111111
0.0,0.894142857143,0.105857142857
0.067,0.883166666667,0.0498333333333
0.017,0.928,0.055
0.0,0.813375,0.186625
0.2212,0.7642,0.0146
0.0181428571429,0.871285714286,0.110571428571
0.0,1.0,0.0
0.0,0.969,0.031
0.0,0.861,0.139
,,
0.019625,0.889875,0.0905
0.0,0.9348,0.0652
0.261333333333,0.702333333333,0.0366666666667
,,
0.0145,0.884375,0.101125
0.0,0.84375,0.15625
0.0,0.76425,0.23575
0.0336,0.8626,0.1038
0.0,1.0,0.0
0.0,0.920333333333,0.0796666666667
0.0,0.934666666667,0.0653333333333
0.0052,0.901,0.0938
0.0638333333333,0.779,0.157166666667
0.0556666666667,0.847333333333,0.0963333333333
0.0,0.969,0.031
0.0,0.894,0.106
0.0,0.839571428571,0.160428571429
0.009,0.9012,0.0898
0.0,0.913,0.087
0.0605,0.826166666667,0.113333333333
0.0691,0.7888,0.142
0.0406666666667,0.928333333333,0.031
0.0,0.902333333333,0.0976666666667
0.0,0.952,0.048
0.0,0.8085,0.1915
,,
0.0,0.927,0.073
0.0,1.0,0.0
0.0,0.864,0.136
0.0,0.909,0.091
0.0,0.8818,0.1182
0.01325,0.83675,0.15025
0.0,0.83975,0.16025
0.0,0.82,0.18
0.104,0.871,0.025
0.0,0.774714285714,0.225285714286
0.0,0.67,0.33
,,
0.0,0.965,0.035
0.0133333333333,0.900333333333,0.0863333333333
0.09225,0.8275,0.08025
0.0,0.66825,0.08175
0.037,0.893,0.07
0.0,0.8025,0.1975
0.0,0.894,0.106
0.01625,0.87075,0.11275
0.014625,0.873625,0.1116875
0.0303333333333,0.788166666667,0.1815
0.1175,0.832333333333,0.0501666666667
0.0531666666667,0.773333333333,0.1735
0.0,0.904,0.096
0.0,1.0,0.0
0.0,0.9215,0.0785
0.0,0.711666666667,0.288333333333
0.0495,0.839333333333,0.111333333333
0.0,0.819818181818,0.180181818182
0.0096,0.85,0.1402
0.0,0.927,0.073
0.0,0.8132,0.1868
0.0475,0.86675,0.08575
0.024125,0.906,0.069875
0.0,0.9452,0.055
0.1035,0.781,0.1155
0.0,0.927,0.073
0.0,0.722666666667,0.277333333333
0.0,0.7385,0.2615
0.010625,0.858375,0.131125
0.0306666666667,0.8915,0.0776666666667
0.034,0.83125,0.13475
0.0144,0.8374,0.1482
0.0,0.901,0.099
0.0762142857143,0.8385,0.0853571428571
0.0,0.7845,0.2155
,,
0.0,0.763,0.237
0.0,0.8144,0.1856
0.032,0.64825,0.31975
0.023,0.8205,0.1565
0.0325714285714,0.890571428571,0.077
0.0,0.832142857143,0.167857142857
0.0,0.954333333333,0.0458333333333
0.0,0.85,0.15
0.0,0.6585,0.3415
0.0149,0.8835,0.1016
0.0,0.878,0.122
0.05,0.745,0.205
0.0,0.852833333333,0.147166666667
0.0,0.899857142857,0.100142857143
0.0,0.71775,0.28225
0.0098,0.82,0.1704
0.0,0.9406,0.0594
0.0273333333333,0.890666666667,0.082
0.0,0.93,0.07
,,
0.034,0.873,0.093
0.0838,0.8128,0.1035
0.0,0.86125,0.13875
0.1065,0.8165,0.0765
0.0,0.843,0.157
0.0326666666667,0.938333333333,0.029
0.0,1.0,0.0
0.0,0.935875,0.064125
0.0,0.884,0.116
0.0306666666667,0.766666666667,0.202666666667
0.08925,0.721625,0.064125
0.0,0.80925,0.19075
0.0,0.962571428571,0.0374285714286
0.008,0.909,0.083
0.01125,0.950625,0.038125
0.0,1.0,0.0
0.0117,0.9114,0.0769
0.0495,0.82025,0.13025
0.0358888888889,0.869444444444,0.0946666666667
0.0,0.9539,0.0461
0.0,0.678,0.322
0.0,0.89575,0.10425
0.0174,0.8937,0.0889
0.013,0.923,0.0645
0.0,0.909,0.091
0.03,0.8275,0.14275
0.0,1.0,0.0
0.0,0.95,0.05
0.0,0.917,0.083
0.0,0.797,0.203
0.0,0.834,0.166
0.014,0.83,0.156
0.107857142857,0.807428571429,0.0847142857143
0.0,0.8475,0.1525
0.0,0.764142857143,0.235857142857
0.0426666666667,0.836,0.121333333333
0.0,0.84075,0.15925
0.012,0.8934,0.0946
0.10675,0.746,0.14725
0.0204117647059,0.869176470588,0.110411764706
0.0432941176471,0.819,0.137705882353
0.0113333333333,0.757333333333,0.231333333333
0.064,0.647,0.2885
0.0,0.8365,0.1635
0.0,0.841,0.159
0.0,0.78575,0.21425
,,
0.0323333333333,0.774666666667,0.192666666667
0.017,0.906714285714,0.0761428571429
0.0228333333333,0.870666666667,0.1065
0.0285555555556,0.643666666667,0.327777777778
0.0,0.8332,0.1668
0.0,0.893333333333,0.106666666667
0.0,0.84525,0.15475
0.0,0.891,0.109
0.021,0.954,0.025
0.0,0.767,0.233
0.021,0.842,0.137
0.0,1.0,0.0
0.118,0.647,0.235
0.023,0.8148,0.1622
0.0,0.817333333333,0.182666666667
0.0,0.812,0.188
0.0,0.895142857143,0.104857142857
0.028,0.861,0.111
0.00422222222222,0.724444444444,0.160222222222
0.0,0.935,0.065
0.013,0.905333333333,0.0816666666667
0.0,0.8332,0.1668
0.02425,0.753,0.22275
0.036,0.8825,0.0815
0.05,0.745,0.205
0.0495,0.83275,0.11775
,,
0.0,0.8626,0.1374
0.0,0.839,0.161
0.0,0.881666666667,0.118333333333
0.0251666666667,0.807666666667,0.167166666667
,,
0.0,1.0,0.0
0.034,0.7974,0.1686
0.0637142857143,0.87,0.0662857142857
0.0,0.839,0.161
0.0,0.8705,0.1295
0.0168571428571,0.811714285714,0.171285714286
0.047,0.908,0.045
0.0448333333333,0.8535,0.101833333333
0.0,1.0,0.0
0.014,0.936571428571,0.0494285714286
0.058125,0.856375,0.085625
0.154571428571,0.729285714286,0.116142857143
0.0,0.87175,0.12825
0.0,1.0,0.0
0.0,0.748,0.252
0.0552857142857,0.816285714286,0.128428571429
0.0,0.883,0.117
0.014625,0.93725,0.048125
0.089,0.7965,0.115
0.0,1.0,0.0
0.0,0.971,0.029
0.0,0.786428571429,0.213571428571
0.0,0.906,0.094
0.0,0.943,0.057
0.0,0.6745,0.3255
0.024,0.6372,0.339
0.0,0.904,0.096
0.0,0.963,0.037
0.027,0.8255,0.1475
0.023,0.7472,0.2298
0.042,0.821,0.137
0.004,0.4015,0.0945
0.0,0.9205,0.0795
0.00466666666667,0.936,0.0593333333333
0.1408,0.7364,0.1228
0.024,0.752666666667,0.223333333333
0.0067,0.8706,0.1227
0.14,0.7225,0.1375
0.0135,0.735333333333,0.251
0.0273333333333,0.899666666667,0.073
0.0,0.892666666667,0.107333333333
0.079,0.921,0.0
0.0075,0.70425,0.28825
0.0,0.818,0.182
0.0,0.8935,0.1065
0.0,0.88525,0.11475
0.135,0.782666666667,0.0823333333333
0.01925,0.591,0.38975
0.018,0.8395,0.1425
0.0,0.81575,0.18425
0.02625,0.8331875,0.1405
0.0,1.0,0.0
0.0,0.937,0.063
0.008,0.8105,0.181
0.0,0.673333333333,0.326666666667
0.0,0.967,0.033
0.0463333333333,0.482,0.138666666667
,,
0.0,0.952,0.048
0.08,0.728,0.1925
0.0,0.9285,0.0715
0.0256666666667,0.895,0.0793333333333
0.0,1.0,0.0
0.0,0.728777777778,0.271222222222
0.1846,0.7816,0.0338
,,
0.0,0.84975,0.15025
0.0471428571429,0.739428571429,0.213285714286
0.0,0.9325,0.0675
0.0,0.939333333333,0.0606666666667
0.0,0.842,0.158
0.0,1.0,0.0
0.0,0.907333333333,0.0926666666667
0.0,0.858,0.142
0.105142857143,0.659857142857,0.235
0.0,0.9325,0.0675
0.0,0.929,0.071
0.0,0.9056,0.0944
0.109333333333,0.8485,0.0421666666667
0.0,0.766,0.234
0.043625,0.7240625,0.2323125
0.0,0.777142857143,0.08
0.038,0.80775,0.15425
0.0,0.895,0.105
0.0,0.872,0.128
0.014,0.88,0.106
0.0,0.863333333333,0.136666666667
0.0,0.631,0.369
,,
0.0,0.918125,0.081875
0.0,0.945333333333,0.0546666666667
0.0,0.757333333333,0.242666666667
,,
0.0857777777778,0.796666666667,0.117555555556
0.028,0.849,0.123
0.04875,0.92225,0.029
0.0,0.76625,0.23375
0.0148571428571,0.855142857143,0.13
0.0345714285714,0.754142857143,0.211285714286
0.0564166666667,0.864166666667,0.0794166666667
0.0,0.884166666667,0.115833333333
0.0143333333333,0.886333333333,0.0996666666667
,,
0.0866,0.7072,0.2062
0.011,0.8585,0.1305
,,
0.0394,0.8316,0.129
0.00975,0.91625,0.074
0.0302857142857,0.942857142857,0.0268571428571
0.0325,0.814666666667,0.152833333333
0.0,0.7138,0.2862
0.035,0.818,0.147
0.0,0.8525,0.1475
0.0,0.844166666667,0.155833333333
0.0536666666667,0.931333333333,0.015
0.0,0.692857142857,0.307142857143
,,
0.00161111111111,0.931722222222,0.0666666666667
0.044,0.8885,0.0675
0.0,0.8665,0.1335
0.0395,0.9095,0.05075
0.0267857142857,0.753071428571,0.220142857143
,,
0.05475,0.861125,0.084125
,,
0.005375,0.92175,0.072875
0.0,1.0,0.0
0.0,0.9402,0.0598
0.00833333333333,0.841,0.150666666667
0.0,0.855888888889,0.144111111111
0.0,0.883375,0.116625
0.0,0.892666666667,0.107333333333
0.0195,0.801,0.1795
,,
0.0306666666667,0.893333333333,0.076
0.07125,0.73325,0.1955
0.0965,0.767,0.1365
0.0,0.9304,0.0696
0.0,0.799,0.201
0.0,0.9016,0.0984
0.00888888888889,0.830555555556,0.160555555556
0.0101111111111,0.878222222222,0.111666666667
0.0,0.8065,0.1935
0.0,0.714,0.286
0.0,0.809666666667,0.0792222222222
0.0,0.847666666667,0.152333333333
0.032,0.919,0.049
0.0354285714286,0.917857142857,0.0465714285714
0.0,0.969727272727,0.0302727272727
0.043,0.839,0.119
0.0,0.749666666667,0.250333333333
0.0,1.0,0.0
0.0,0.953,0.047
0.0,0.73075,0.26925
0.0,0.856571428571,0.143428571429
0.0,0.727,0.273
0.344,0.6565,0.0
0.02275,0.8745,0.10275
0.0238888888889,0.928444444444,0.0476666666667
0.0,0.809333333333,0.190666666667
0.0,0.5725,0.4275
0.0,0.82525,0.17475
0.0268571428571,0.870428571429,0.102714285714
0.0221428571429,0.846428571429,0.131428571429
0.0,0.717,0.283
0.0164,0.7628,0.2206
0.0,0.909,0.091
0.0,0.793,0.207
0.0,0.936,0.064
0.0,0.9085,0.0915
0.05625,0.916875,0.026875
0.0,0.946,0.054
0.0,1.0,0.0
0.0101111111111,0.908111111111,0.0817777777778
0.0,0.9094,0.0906
0.033,0.888,0.079
0.045,0.8002,0.1548
,,
0.0,0.849555555556,0.150444444444
0.0792857142857,0.920714285714,0.0
0.0,0.364,0.636
0.0,0.951,0.049
,,
0.0,0.8788,0.1212
,,
0.0,0.774857142857,0.225142857143
0.0,0.959,0.041
0.0,0.737,0.063
0.0,0.7856,0.2144
0.0,0.9675,0.0325
0.0,0.8584,0.1416
0.00816666666667,0.848611111111,0.143222222222
0.0232631578947,0.834315789474,0.142473684211
0.0,0.7875,0.2125
0.0,0.929888888889,0.0701111111111
0.0,0.954333333333,0.0458333333333
0.0,0.8361,0.1639
0.0,1.0,0.0
0.034,0.903714285714,0.0621428571429
0.00633333333333,0.913,0.0806666666667
0.0,0.7865,0.2135
0.0,0.91,0.09
0.0,0.954666666667,0.0453333333333
0.0,0.815333333333,0.184666666667
0.0,0.791,0.209
0.014,0.8965,0.0895
0.0192,0.5108,0.47
0.0,0.83125,0.16875
0.0,0.755,0.245
0.0276363636364,0.844181818182,0.128181818182
0.005,0.8852,0.1099
0.0263333333333,0.706666666667,0.267
0.0,0.871,0.129
0.0,0.871333333333,0.128666666667
0.0136666666667,0.889083333333,0.0971666666667
0.012,0.925333333333,0.0626666666667
0.00657142857143,0.893,0.100285714286
0.0,0.813666666667,0.186333333333
0.0,0.817666666667,0.182333333333
0.0147,0.865,0.1203
0.06775,0.841,0.09125
0.083,0.855333333333,0.0616666666667
0.0,0.945833333333,0.0541666666667
0.0,0.9117,0.0883
0.0446666666667,0.848,0.107666666667
0.0,1.0,0.0
0.0,0.920333333333,0.0796666666667
0.05375,0.828,0.11825
0.0,0.951444444444,0.0485555555556
0.0,0.913,0.087
0.0,0.878,0.122
0.0,0.8266,0.1734
0.0,0.90125,0.09875
0.0451333333333,0.840533333333,0.114333333333
0.0,0.811,0.189
0.0,0.958,0.042
0.031,0.548,0.421
0.0,1.0,0.0
0.0,0.898333333333,0.101666666667
0.0,0.844,0.156
,,
0.0,0.95,0.05
0.0,0.8315,0.1685
0.0,0.8115,0.1885
0.0,0.714875,0.285125
0.0188571428571,0.922857142857,0.0582857142857
0.0,0.83,0.17
0.0,1.0,0.0
0.0426666666667,0.957333333333,0.0
0.0,0.737833333333,0.262166666667
0.0,0.887666666667,0.112333333333
0.0,0.942,0.058
0.0405,0.636,0.3235
0.0,1.0,0.0
0.0,0.6745,0.3255
0.0,0.8995,0.1005
0.0,0.859,0.141
0.03,0.933,0.037
0.059,0.833,0.108
0.1112,0.6802,0.2086
,,
0.0065,0.786,0.2075
0.0274285714286,0.863857142857,0.108714285714
0.0085,0.819,0.173
0.072,0.6665,0.2615
0.0,1.0,0.0
0.024,0.764571428571,0.211428571429
0.0,0.905833333333,0.0941666666667
0.0,0.828125,0.171875
0.0,0.7325,0.2675
0.0,0.9,0.1
0.0538333333333,0.6525,0.293666666667
0.0578888888889,0.758222222222,0.183777777778
0.0711,0.807,0.1219
0.0383333333333,0.885666666667,0.076
0.0,0.794,0.206
0.007,0.843166666667,0.15
0.0,0.849111111111,0.150888888889
0.0,0.766666666667,0.233333333333
0.0,0.8385,0.1615
0.08925,0.854375,0.056375
0.0,0.8545,0.1455
0.0,0.942,0.058
0.0757142857143,0.781,0.143428571429
0.07825,0.792375,0.129375
0.0554444444444,0.860333333333,0.0842222222222
0.0075,0.8425,0.15
0.0,0.8791,0.1209
0.00714285714286,0.974857142857,0.018
0.0193333333333,0.889666666667,0.091
0.0,0.537,0.463
0.0,0.883,0.117
0.0216666666667,0.905,0.0733333333333
0.0846,0.805,0.1106
0.0,0.971909090909,0.0280909090909
0.0,0.8268,0.1732
,,
0.0,1.0,0.0
0.027,0.768857142857,0.204142857143
0.0,1.0,0.0
0.0,0.768,0.232
0.0216,0.8574,0.121
0.0236,0.8008,0.1756
,,
,,
0.0,0.775833333333,0.224166666667
0.0536666666667,0.809166666667,0.137
0.0,0.8885,0.1115
0.0,0.939,0.061
0.0,0.914,0.086
0.0,0.9135,0.0865
0.0,0.744666666667,0.255333333333
0.0341428571429,0.887,0.0788571428571
0.0,0.910444444444,0.0895555555556
0.0,0.870714285714,0.129285714286
0.019,0.809214285714,0.171785714286
0.0,0.944,0.056
0.0,0.845,0.155
0.0255,0.8825,0.092
0.00666666666667,0.878666666667,0.114666666667
0.0118888888889,0.822888888889,0.165222222222
0.0,0.886,0.114
0.0665,0.77075,0.16275
0.0226666666667,0.841444444444,0.135888888889
0.0,0.922,0.078
0.0,0.7402,0.2598
0.0,0.7545,0.2455
0.022,0.858,0.12
0.0,0.9102,0.0898
0.0,0.875,0.125
0.0357777777778,0.849444444444,0.114777777778
0.0,0.719,0.281
0.0,0.849,0.151
0.0233,0.8388,0.1377
0.0052,0.901,0.0938
0.00966666666667,0.923,0.0673333333333
0.0,0.851857142857,0.148142857143
0.039,0.6842,0.2766
0.0,0.821,0.179
0.007,0.854,0.139076923077
0.0,0.8522,0.1478
0.0306666666667,0.8915,0.0776666666667
0.0,0.9405,0.0595
0.0,1.0,0.0
0.0,0.966333333333,0.0336666666667
0.0,0.748,0.252
,,
0.0,0.888666666667,0.111333333333
0.0766666666667,0.807,0.116333333333
,,
0.009,0.868,0.123
0.0628,0.7964,0.1408
0.0153333333333,0.853,0.131666666667
0.0,0.903333333333,0.0966666666667
0.0,0.751,0.249
0.0,0.930818181818,0.0691818181818
,,
0.08,0.822,0.098
0.108875,0.6925,0.198625
0.0,0.8694,0.1306
0.0,0.964,0.036
0.0,0.9345,0.0655
0.0,0.852,0.148
0.0278,0.7922,0.18
0.0536666666667,0.946333333333,0.0
0.0245714285714,0.919285714286,0.0561428571429
0.0503333333333,0.713066666667,0.2366
0.0604166666667,0.819,0.120583333333
0.0,0.923,0.077
0.0415,0.8479,0.1107
0.0446666666667,0.910333333333,0.045
0.0673333333333,0.881888888889,0.0507777777778
0.0133333333333,0.951666666667,0.035
0.0,0.7416,0.2584
0.0,0.89,0.11
0.0,0.867,0.133
0.0,0.9155,0.0845
0.0686666666667,0.835,0.0966666666667
0.0489333333333,0.7906,0.1604
0.0,0.6888,0.3112
0.0,0.769285714286,0.230714285714
0.0,1.0,0.0
0.0,0.865333333333,0.134666666667
0.0,0.790111111111,0.209888888889
,,
0.00341666666667,0.909791666667,0.0867916666667
0.0,0.9185,0.0815
0.0,0.8635,0.1365
0.0314,0.8956,0.073
0.0,0.857166666667,0.142833333333
0.0233333333333,0.81,0.167
0.0,0.803,0.197
0.028,0.691666666667,0.28
0.0,0.875428571429,0.124571428571
0.00785714285714,0.898857142857,0.0932857142857
0.043,0.413333333333,0.210666666667
0.044,0.812,0.144
0.271,0.695666666667,0.033
0.0,1.0,0.0
0.106333333333,0.594333333333,0.299333333333
0.0256,0.7958,0.1786
0.0,0.9438,0.0562
0.123,0.813,0.064
0.120142857143,0.825,0.0548571428571
0.0,0.828,0.172
0.0235,0.6859,0.2908
0.0252307692308,0.865153846154,0.109615384615
,,
0.0322,0.84,0.1278
0.0,0.897,0.103
0.038,0.892,0.07
0.0,0.965,0.035
0.0,0.5795,0.4205
0.017,0.894166666667,0.0888333333333
0.0,0.8543,0.1457
0.0,1.0,0.0
0.046875,0.906125,0.047
0.0,0.829,0.171
0.0,0.914,0.086
,,
0.036,0.964,0.0
0.0116666666667,0.940166666667,0.0481666666667
0.0235,0.6914,0.2853
,,
0.01375,0.86525,0.12075
0.0191111111111,0.841,0.139888888889
0.0,0.846333333333,0.153666666667
0.0,0.7695,0.2305
0.0,0.9646,0.0354
0.0244,0.8462,0.1292
0.0195,0.75675,0.22375
0.0,1.0,0.0
0.0,1.0,0.0
0.114857142857,0.741285714286,0.143857142857
0.0,0.8405,0.1595
0.009,0.742142857143,0.248714285714
0.0,0.695,0.305
0.0416666666667,0.833666666667,0.124333333333
,,
0.0132,0.7145,0.2723
0.145833333333,0.699666666667,0.154333333333
0.1455,0.78225,0.07225
,,
0.0562857142857,0.943714285714,0.0
0.0,0.910333333333,0.0896666666667
0.0435,0.804375,0.152125
,,
0.067125,0.832,0.100875
0.0,0.766333333333,0.233666666667
0.0466923076923,0.743769230769,0.209538461538
0.0,0.877,0.123
0.0,1.0,0.0
0.0,0.8362,0.1638
0.0,0.964,0.036
0.196,0.7712,0.033
0.0,0.94575,0.05425
0.0261666666667,0.878166666667,0.0956666666667
0.016,0.9475,0.0365
0.0,0.903,0.097
0.0075,0.934,0.058
0.0,0.796,0.204
0.0681428571429,0.868857142857,0.063
0.0,0.976,0.024
0.0074,0.9132,0.0794
0.0,0.7645,0.2355
0.0,0.8575,0.1425
0.0,0.896,0.104
0.0136666666667,0.928333333333,0.058
0.0,0.8595,0.1405
0.016,0.824,0.16
0.0,0.967,0.033
0.0,0.848,0.152
0.0176666666667,0.893166666667,0.0891666666667
0.01725,0.827,0.15575
0.0,0.9012,0.0988
0.0,0.9321,0.0679
0.0,0.868,0.132
0.0,0.7406,0.2594
0.0126666666667,0.894,0.0933333333333
0.039,0.861,0.1
0.0,0.903,0.097
,,
0.0,0.793,0.207
0.0,0.8492,0.1508
0.0,0.954,0.046
0.15225,0.782,0.06575
0.0,1.0,0.0
0.0,0.846,0.154
0.0,0.800714285714,0.199285714286
0.03275,0.815375,0.151875
0.066,0.826,0.108
0.0,0.726,0.274
0.0,0.716,0.284
0.0,0.889,0.111
0.0,0.879833333333,0.120166666667
0.0418,0.9156,0.0426
0.0,0.986666666667,0.0133333333333
0.0,0.91325,0.08675
0.0,0.8694,0.1306
0.0,0.909,0.091
0.0,0.889,0.111
0.0,0.8335,0.1665
0.054,0.946,0.0
0.0839,0.7896,0.1265
0.0,0.848,0.152
0.1854,0.7956,0.019
0.0,0.972444444444,0.0275555555556
0.0985,0.9015,0.0
0.0,0.787666666667,0.212333333333
0.0,0.707666666667,0.125666666667
,,
0.0,0.767,0.233
0.0,0.7705,0.2295
0.06,0.452,0.155
0.0,0.663,0.337
0.0,0.950166666667,0.0498333333333
0.0,1.0,0.0
0.0,0.91325,0.08675
0.0,0.9595,0.0405
0.0378571428571,0.829071428571,0.133071428571
0.035,0.903,0.062
0.0,1.0,0.0
0.0,0.8631,0.0369
0.034,0.792,0.174
0.0488571428571,0.728142857143,0.223142857143
0.0,0.747666666667,0.0856666666667
0.0,0.8465,0.1535
0.0,0.887166666667,0.112833333333
0.0,0.965,0.035
0.0,0.8078,0.1922
0.0,0.865,0.135
0.0,0.93325,0.06675
0.145,0.543,0.312
0.008,0.834142857143,0.157857142857
0.389,0.325,0.286
0.0,0.922222222222,0.0777777777778
0.0,0.759714285714,0.240285714286
0.0,0.85925,0.14075
0.0184285714286,0.800285714286,0.181285714286
0.0265,0.882,0.092
0.0223333333333,0.765666666667,0.212
0.0,0.965,0.035
0.0,0.768428571429,0.0887142857143
0.0,0.8876,0.1124
0.0,0.8,0.2
0.0125,0.8285,0.159
0.0,0.92725,0.07275
0.0,0.832666666667,0.167333333333
0.0,0.78125,0.21875
0.032,0.778,0.19
0.0,0.8966,0.1034
0.0305,0.824125,0.145375
0.0,0.82025,0.17975
0.0142857142857,0.916142857143,0.0695714285714
0.0116,0.8134,0.175
0.0163333333333,0.8785,0.105166666667
0.0854,0.6122,0.3024
0.0,0.71375,0.28625
0.0111666666667,0.884833333333,0.104166666667
0.0,0.963666666667,0.0363333333333
0.0,0.909,0.091
0.0,0.846333333333,0.153666666667
0.078375,0.89575,0.025875
0.184,0.553,0.013
0.0231111111111,0.679222222222,0.297666666667
0.018,0.806,0.176
0.0286666666667,0.834833333333,0.1365
0.0716666666667,0.827333333333,0.101
0.105125,0.764,0.130875
0.038,0.865,0.097
,,
0.0,0.9235,0.0765
0.0766666666667,0.838,0.0853333333333
0.0,0.9445,0.0555
0.0452857142857,0.841714285714,0.113285714286
0.0,1.0,0.0
0.0,0.950333333333,0.0496666666667
0.0,0.84,0.16
0.0,1.0,0.0
0.0,0.829,0.171
0.110833333333,0.737166666667,0.152
0.0286666666667,0.8415,0.129833333333
0.0233333333333,0.846,0.130666666667
0.0128333333333,0.8195,0.167666666667
0.0,0.94225,0.05775
0.0,0.8988,0.1012
0.0146,0.844,0.1414
0.0615333333333,0.867,0.0715333333333
0.00575,0.9685,0.02575
0.038,0.83475,0.12725
0.0,0.8535,0.1465
0.0,0.838428571429,0.161571428571
0.1948,0.6568,0.1484
0.0,1.0,0.0
0.0,0.856875,0.143125
0.0831428571429,0.731285714286,0.185571428571
0.0,0.935,0.065
0.0158,0.849,0.1352
0.0255,0.889,0.0855
0.0,0.87,0.13
0.0226666666667,0.761,0.216333333333
0.0475,0.85,0.1025
0.0,0.937333333333,0.0626666666667
0.0,1.0,0.0
0.0,0.743833333333,0.256166666667
0.0,0.9324,0.0676
0.0645,0.694,0.24125
0.0,0.7976,0.2024
0.0,0.747,0.253
0.0,0.887625,0.112375
0.0,0.78625,0.21375
0.0174285714286,0.940571428571,0.042
0.0,0.871285714286,0.128714285714
0.0,0.7088,0.2912
0.0,0.92,0.08
,,
0.0,0.9226,0.0774
0.0,0.8265,0.1735
0.0,0.8886,0.1114
0.0228571428571,0.856714285714,0.120428571429
0.0145,0.8521,0.1334
0.0,0.937,0.063
0.0205,0.908,0.0715
0.0124444444444,0.750333333333,0.237222222222
0.0,0.89875,0.10125
0.0,1.0,0.0
0.0,0.8226,0.1774
0.0,0.831,0.169
0.0,0.48,0.52
0.0166666666667,0.767,0.216333333333
0.016,0.677,0.307
0.0388,0.8478,0.1134
0.0929090909091,0.850454545455,0.0566363636364
0.0357777777778,0.865666666667,0.0985555555556
,,
0.00477777777778,0.785777777778,0.209555555556
0.0,0.917,0.083
0.0,0.838166666667,0.161833333333
0.203,0.741666666667,0.0553333333333
0.0278888888889,0.765666666667,0.206444444444
0.03,0.80275,0.16725
0.0,0.935285714286,0.0647142857143
,,
0.03,0.78,0.189
0.019,0.94,0.041
0.0,0.878,0.122
0.049,0.93,0.021
0.0,0.928,0.072
,,
0.0,0.943785714286,0.0562142857143
0.0,1.0,0.0
0.0395,0.823,0.1375
0.0,0.904333333333,0.0956666666667
0.0,0.928,0.072
0.0616666666667,0.704,0.234333333333
0.0,0.7385,0.2615
0.105444444444,0.762888888889,0.131666666667
0.0435,0.86825,0.08825
0.00788888888889,0.767555555556,0.224555555556
0.0,1.0,0.0
0.0,1.0,0.0
0.0,0.8588,0.1412
0.0171,0.7679,0.115
0.0,1.0,0.0
0.0394,0.9408,0.0198
0.01675,0.89875,0.0845
0.0297777777778,0.777666666667,0.192666666667
0.0,0.87125,0.12875
0.0,0.839875,0.160125
0.0585,0.70225,0.239
0.034,0.768,0.198
0.0,0.938535714286,0.0614642857143
0.0306666666667,0.797333333333,0.172333333333
0.0232,0.6806,0.2962
0.057875,0.77,0.172125
0.052,0.7315,0.216
,,
0.0,0.8966,0.1034
0.00925,0.77675,0.214
,,
,,
0.0,0.88,0.12
0.0,0.815,0.185
0.0,0.706,0.294
0.0,1.0,0.0
0.0,0.8502,0.15
0.0062,0.9046,0.0892
0.0,1.0,0.0
0.0698181818182,0.857272727273,0.0729090909091
0.0,0.8766,0.1234
0.0,0.916,0.084
0.0,0.9766,0.0234
0.057,0.719,0.224
0.0,1.0,0.0
0.0174,0.7806,0.202
0.0637692307692,0.616307692308,0.319923076923
,,
0.0887142857143,0.669714285714,0.241428571429
0.0,0.662833333333,0.337166666667
0.0,0.805,0.195
0.0372857142857,0.860428571429,0.102285714286
0.048,0.77,0.183
0.032,0.876,0.092
0.0,0.9218,0.0782
0.0,0.802285714286,0.197714285714
0.0,1.0,0.0
0.0,0.735,0.265
0.1542,0.6942,0.1516
0.01025,0.741625,0.248125
0.0,0.656333333333,0.343666666667
0.0298,0.844,0.1262
0.0198,0.833,0.1472
0.02675,0.786125,0.18725
0.02625,0.8685,0.10525
0.0,0.694,0.306
0.0,0.8376,0.1624
0.0,0.8555,0.1445
0.0,0.78075,0.21925
0.05225,0.642,0.30575
0.0,0.9192,0.0808
,,
0.119,0.751333333333,0.129666666667
0.0,0.868,0.132
,,
0.043,0.877666666667,0.0793333333333
0.009,0.946,0.045
0.0,0.724,0.276
0.0,0.768333333333,0.231666666667
0.028,0.838,0.134
0.0302857142857,0.942857142857,0.0268571428571
0.0,0.903,0.097
0.0,0.97425,0.02575
0.022,0.790666666667,0.187333333333
0.0,0.769,0.231
0.0205,0.853333333333,0.126166666667
0.0,0.865,0.135
0.036,0.63,0.334
0.0,1.0,0.0
0.0,0.792571428571,0.207428571429
0.0,0.838,0.162
0.029,0.890666666667,0.0803333333333
0.023,0.69325,0.28375
0.0953333333333,0.742666666667,0.162
0.0,0.849,0.151
0.0,0.821333333333,0.178666666667
0.0,0.9415,0.0585
0.0055,0.847666666667,0.146666666667
0.0236,0.8612,0.115
0.0,0.92,0.08
,,
0.0168,0.7864,0.1968
0.0,0.804,0.196
0.0,0.923,0.077
0.0,0.880444444444,0.119555555556
0.0,0.766,0.234
0.0,0.6865,0.3135
0.0,0.677333333333,0.322666666667
0.0,0.797166666667,0.202833333333
0.0,1.0,0.0
0.0,0.899666666667,0.100333333333
0.0,0.8776,0.1224
0.0282222222222,0.876666666667,0.0951111111111
0.0,0.8945,0.1055
0.0,0.953428571429,0.0465714285714
,,
0.0,0.9805,0.0195
0.0186666666667,0.737333333333,0.244
0.08925,0.8005,0.11025
0.006,0.79665,0.19735
0.0,0.956,0.044
0.0,0.9095,0.0905
0.0,0.831833333333,0.168166666667
0.0,0.806,0.194
0.0335,0.733666666667,0.232833333333
0.0344444444444,0.777944444444,0.187611111111
0.0,0.8482,0.1518
0.0201111111111,0.720777777778,0.259222222222
0.0,0.878,0.122
0.0,0.882333333333,0.117666666667
0.028,0.8346,0.1374
0.0132,0.830533333333,0.156266666667
0.0,0.9585,0.0415
0.0,0.911714285714,0.0882857142857
0.0,0.825,0.175
0.0,0.81925,0.18075
0.0195,0.938166666667,0.0423333333333
0.0136666666667,0.928333333333,0.058
0.0222,0.865866666667,0.112
0.0,0.969,0.031
0.244333333333,0.575333333333,0.18
,,
0.0269,0.8532,0.1198
0.0,0.896,0.104
0.0,0.97675,0.02325
0.0,0.9516,0.0484
0.0212727272727,0.780181818182,0.198636363636
0.26425,0.6505,0.08525
0.00771428571429,0.826285714286,0.166
0.0196666666667,0.902666666667,0.0776666666667
0.0543333333333,0.677666666667,0.268
0.0,0.829333333333,0.170666666667
0.0114285714286,0.823142857143,0.165571428571
0.0228,0.8502,0.127
0.0263333333333,0.706666666667,0.267
0.0272857142857,0.792857142857,0.179857142857
0.0,0.7904,0.2096
,,
0.0,0.783,0.217
0.0825,0.8025,0.114
0.0265555555556,0.901222222222,0.0722222222222
,,
0.0,0.874666666667,0.125333333333
0.0,0.82525,0.17475
0.0,1.0,0.0
0.0,0.868,0.132
0.0,0.712,0.288
0.02725,0.867375,0.105375
0.0,0.834,0.166
0.0671428571429,0.919571428571,0.0132857142857
0.0346,0.8948,0.0706
0.0,0.864,0.136
0.106333333333,0.571,0.322666666667
0.0,0.696,0.304
0.034,0.815,0.15
0.0418333333333,0.821666666667,0.1365
0.0287777777778,0.867777777778,0.103444444444
0.0155416666667,0.821916666667,0.162541666667
0.220285714286,0.742857142857,0.0368571428571
0.0215,0.691,0.2875
0.0,1.0,0.0
0.01,0.8772,0.1126
0.0,0.795,0.205
0.0,0.819,0.181
0.11325,0.80575,0.081
0.0,0.819,0.181
0.05625,0.764125,0.179625
0.0208888888889,0.833333333333,0.145777777778
0.0,0.826,0.174
0.0,0.9324,0.0676
0.0,0.835,0.165
0.0326666666667,0.891333333333,0.076
0.0104,0.8428,0.1466
0.109333333333,0.753444444444,0.137111111111
0.00575,0.95375,0.0405
0.0,0.86725,0.13275
0.0,0.773,0.227
0.0,0.8972,0.1028
0.0305714285714,0.755571428571,0.214
0.105133333333,0.801866666667,0.093
0.0958333333333,0.815833333333,0.0883333333333
0.0,0.9035,0.0965
0.0,0.9285,0.0715
0.009875,0.92775,0.062375
0.038,0.86,0.102
0.0,0.9615,0.0385
0.043,0.839,0.119
0.206142857143,0.652714285714,0.141285714286
0.0,0.842636363636,0.157363636364
0.009,0.899230769231,0.0917692307692
0.020375,0.75025,0.1045
0.0,0.8916,0.1084
0.0,0.95275,0.04725
0.0,0.8014,0.1986
0.2734,0.6854,0.0412
0.0,0.7415,0.2585
0.0763333333333,0.783666666667,0.14
0.05,0.835,0.115
0.02375,0.634,0.34225
0.029,0.873,0.098
0.0,0.917,0.083
0.0,0.757833333333,0.242166666667
0.0,0.878,0.122
0.0075,0.70025,0.292375
0.046,0.81,0.144
0.012,0.962,0.026
0.00742857142857,0.868857142857,0.123714285714
0.0108571428571,0.752142857143,0.236857142857
0.021,0.979,0.0
,,
0.00244444444444,0.867888888889,0.129666666667
0.0,0.794,0.206
0.019,0.754,0.227
0.0,0.882666666667,0.117333333333
0.0188,0.8846,0.0966
0.0383333333333,0.929,0.0326666666667
0.0,0.819,0.181
,,
0.058,0.657333333333,0.284666666667
0.043625,0.78375,0.172625
0.0,0.853,0.147
0.0,0.7436,0.2564
0.0185,0.86,0.1215
0.025,0.945,0.03
0.0,0.751,0.249
0.0,0.8555,0.1445
0.0,0.8425,0.1575
0.0335,0.826666666667,0.139833333333
0.0,0.877,0.123
0.0,0.942333333333,0.0576666666667
,,
0.0,0.826,0.174
0.0405,0.845625,0.114
0.0,0.8215,0.1785
0.0548,0.794,0.151
0.102,0.641285714286,0.256714285714
0.0,0.9676,0.0324
0.0,0.770428571429,0.229571428571
0.0,0.746666666667,0.253333333333
0.0,0.72025,0.27975
0.0,0.955,0.045
0.0,1.0,0.0
0.013,0.761,0.226
0.0,0.84,0.16
0.0,0.8445,0.1555
0.0,0.86925,0.13075
0.02575,0.81375,0.1605
0.0266666666667,0.663777777778,0.0873333333333
0.00866666666667,0.924666666667,0.0666666666667
0.0224285714286,0.898,0.0795714285714
0.0,0.684,0.316
0.0,0.85,0.15
0.0,0.761625,0.238375
0.0655,0.668375,0.266125
0.0,0.738,0.262
0.0066,0.9372,0.056
0.0366666666667,0.7745,0.188833333333
0.0,0.5905,0.4095
0.0,0.869571428571,0.130428571429
0.0,0.809,0.191
0.0,0.805384615385,0.194615384615
0.0688,0.7014,0.2298
0.0,0.929454545455,0.0705454545455
0.0146,0.9094,0.076
0.0,0.845454545455,0.154545454545
0.044,0.774,0.182
0.0616666666667,0.839333333333,0.0986666666667
0.0,0.782444444444,0.217555555556
0.0,0.959333333333,0.0406666666667
0.17025,0.789,0.04075
0.026,0.822,0.152333333333
0.047,0.843333333333,0.109333333333
0.0,0.8268,0.1732
0.0,0.77225,0.22775
0.08,0.755,0.165
0.0,1.0,0.0
0.0,0.770625,0.229375
0.0,0.762,0.238
0.016,0.803,0.181
0.0,0.809666666667,0.190333333333
0.0,0.804625,0.195375
0.0195,0.935666666667,0.0448333333333
0.0385,0.9615,0.0
0.0177777777778,0.897888888889,0.0843333333333
0.0143529411765,0.866941176471,0.118705882353
0.10575,0.76475,0.1295
0.0,0.977,0.023
0.0255,0.79475,0.17975
0.0,0.864916666667,0.135083333333
0.0221818181818,0.879454545455,0.0982727272727
0.0,0.843,0.157
0.0146666666667,0.878333333333,0.107333333333
0.064,0.885333333333,0.0506666666667
0.0173333333333,0.886333333333,0.0964444444444
0.0665,0.6965,0.2375
0.00725,0.8275,0.16525
0.0088,0.8734,0.1178
,,
0.0,0.877,0.123
0.0,0.867333333333,0.132666666667
0.0133,0.6329,0.3538
0.0,0.86775,0.13225
,,
,,
0.00755555555556,0.856555555556,0.135888888889
0.0,0.933,0.067
0.0,0.874,0.126
0.0,0.842,0.158
0.0,0.950571428571,0.0494285714286
0.0,0.9425,0.0575
0.123,0.877,0.0
0.0,0.84,0.16
0.0,0.8634,0.1366
0.0,0.879333333333,0.120666666667
0.0,0.942,0.058
0.0,0.82525,0.17475
0.031,0.844,0.125
0.0,0.8944,0.1056
0.01325,0.7405,0.24625
0.0,0.770166666667,0.229833333333
0.0,0.814333333333,0.185666666667
0.011625,0.850125,0.13825
0.102333333333,0.784333333333,0.113333333333
,,
0.0162,0.9206,0.0632
0.0558333333333,0.829166666667,0.115
0.0,0.728,0.272
0.0,1.0,0.0
0.0193,0.8329,0.1477
,,
0.0,0.714,0.286
,,
0.0577142857143,0.662,0.280285714286
,,
0.0,0.8595,0.1405
0.0,0.88175,0.11825
0.05325,0.773,0.17375
0.0,0.718,0.282
0.0,0.963,0.037
0.14375,0.697,0.159
0.0542,0.9328,0.013
0.0,0.915,0.085
0.0,0.850833333333,0.149166666667
0.0,0.912285714286,0.0877142857143
0.0,0.9085,0.0915
0.0,0.9315,0.0685
0.0,0.963,0.037
0.0,0.917,0.083
0.0,0.878,0.122
0.00914285714286,0.897,0.0938571428571
0.0,0.9745,0.0255
0.0,0.700666666667,0.299333333333
0.01125,0.794,0.19475
0.0,0.824285714286,0.175714285714
0.146666666667,0.7905,0.063
,,
0.0,0.858,0.142
0.0406666666667,0.885111111111,0.0742222222222
0.0,1.0,0.0
0.0,0.96,0.04
0.0313333333333,0.806333333333,0.162333333333
0.0,0.908571428571,0.0914285714286
,,
0.0,0.857,0.143
0.017,0.8655,0.1175
0.0138333333333,0.751333333333,0.234833333333
0.0171666666667,0.776666666667,0.206166666667
0.0,0.870333333333,0.129666666667
0.0,0.88625,0.11375
0.0,0.8764,0.1236
0.0,0.927,0.073
0.042875,0.8795,0.077625
0.0174166666667,0.893083333333,0.0895
0.0,0.921,0.079
0.0295,0.8845,0.086
0.119285714286,0.714571428571,0.166142857143
0.0,1.0,0.0
0.0,0.7524,0.2476
0.00575,0.8295,0.165
0.0,0.8375,0.1625
0.0,0.931125,0.068875
0.0,0.977,0.023
0.0,0.905,0.095
0.0,0.922,0.078
0.0842727272727,0.861090909091,0.0547272727273
0.0022,0.7385,0.2593
0.0,0.706,0.294
0.0139230769231,0.775307692308,0.210769230769
0.07275,0.78625,0.14125
0.015,0.7126,0.2722
